9	291	1436	4259
30	3713
36	466	2200	2255	2287	2296	2392	3038	3111	3751	3815	4006	4157	4884	5101	5108
60	600
61	1445	2685	4050	4358	5176
64	2857
107	5084
119	4960
131	587
135	4199
140	2857
156	3533
159	5192
164	1965	2479	3360	3585
177	348	4288
184	4735
210	977
211	600
213	1436
216	1320	1502
219	1686	2849	3800
227	4307
228	5084
238	3713
241	1558	4229	4264
246	5084
257	1506
263	1436
283	5084
291	9	602	804	879	1255	1337	1519	2519	3872	4056	4408	5122
336	598	1436	1755	1869
340	3882
348	177
350	1436	1523
356	818	1816
357	1686	2849
368	4456
387	1645
393	448	2891	3559	3896	4905
402	587	1296	3119	4242
412	600
415	3720
424	2637
432	1436
433	2961	3780
434	3100
435	3713
448	393
453	2857
459	5113
461	587
463	508	738	3453	3533
466	36	1436	2287	3414	3751
473	1102
475	3713	4709
479	5084
483	4139
484	1436
491	2500	2546	4709
499	1306
500	2478
503	5084
508	463	738	2084	3453	3533
521	3553	3823
538	1395	5095
539	3843
542	4830
553	587	1729	2856	3251	4000	4242	4948
558	2562
573	3294
587	131	402	461	553	1296	1729	1958	2555	2856	3119	3251	3606	4000	4007	4219	4242	4512	4948
598	336	1436	2689
600	60	211	412	1130	1203	1317	1471	1654	2315	2504	3540	3775	3829	4079	4247	4763	4912
602	291	1436
603	2124
623	1436	1647	2945
633	5084
661	1320	1502
667	3445	4555
679	881	3573	5095
685	761	1436	2249	2568	2689	4484
694	3573
701	2042
703	2479
738	463	508	3453	3533
750	5084
761	685
764	2246
777	2614
779	1540
782	1436	2689
800	3083
804	291
810	2479
816	3713
818	356	1348	1816	1958	3606	4579
820	1334
830	3713
833	2075
841	1436	1523
865	1639	4187
878	1436
879	291
881	679	4349
887	1436
908	4830
914	1208	1436	2150	4356
922	3713
923	5084
977	210
983	1014
990	2028
993	1436	5024
1001	1964
1010	1320	1502
1014	983	3573
1017	4709
1024	5134
1030	5084
1034	3686
1042	1336
1082	5192
1085	1436
1098	2168
1102	473
1111	5084
1130	600	1317	2265
1131	1219
1140	3508
1144	1219
1148	1506
1173	1436	1523
1187	1320	1502
1194	1436	1523
1200	5084
1203	600
1207	3713
1208	914	1436	2689
1218	2124	2479
1219	1131	1144
1221	3341	3941
1227	1436
1233	1260
1255	291
1256	1320	1502
1260	1233
1267	1320	1502
1277	2280	4740
1286	5084
1292	3470	4635
1294	5060
1296	402	587
1298	2857
1300	4259	4401
1306	499	2144	2299	4252
1308	2478
1317	600	1130
1320	216	661	1010	1187	1256	1267	1482	1502	2110	2123	2144	2924	4184
1328	2959
1330	2857
1331	4546
1334	820	1546	3662	4169	4302	4360	4737
1336	1042	2615	2827
1337	291
1348	818	1816
1361	5084
1379	5132
1395	538	5095
1411	2247	2478
1435	1436
1436	9	213	263	336	350	432	466	484	598	602	623	685	782	841	878	887	914	993	1085	1173	1194	1208	1227	1435	1500	1501	1541	1560	1585	1592	1755	1869	1947	2111	2146	2150	2169	2193	2200	2214	2255	2259	2296	2497	2517	2568	2579	2622	2637	2689	2728	2770	2790	2895	2896	2936	2972	2992	2995	3038	3064	3111	3122	3203	3217	3223	3240	3522	3632	3638	3815	3820	4077	4098	4171	4182	4256	4332	4356	4438	4446	4484	4571	4602	4858	4865	4896	4965	5101	5108	5271	5323
1445	61	1720	2685	4050	4358	5176
1447	3713
1457	5084
1471	600
1474	2968
1482	1320	1502
1500	1436
1501	1436
1502	216	661	1010	1187	1256	1267	1320	1482	2110	2123	2144	2924	4184
1505	3713
1506	257	1148	2131	2226	5077
1519	291
1523	350	841	1173	1194	2385	2770	2995	3820
1529	5084
1538	3370
1540	779
1541	1436
1544	2857
1546	1334
1549	1774	2944
1553	3827
1558	241
1560	1436
1585	1436	3522	4356	4858
1592	1436
1596	4173
1630	2614
1639	865	4187
1643	3196	3561	4089	5185
1645	387
1647	623	2146	2517	2637	2945	3038	3522	3638	4256
1654	600
1681	3218
1686	219	357	3800
1687	4545
1720	1445
1726	5084
1729	553	587
1734	1964
1735	3713
1741	2478
1748	2856	3887
1754	2124
1755	336	1436	2689
1763	5084
1766	2124
1774	1549	4259
1783	5084
1816	356	818	1348	1958	3606	4579
1824	5084
1856	5084
1859	4366
1869	336	1436
1941	2478
1943	3013
1947	1436	2579
1958	587	818	1816
1964	1001	1734	2792	2867	3359	5109
1965	164	2479
1986	5132
2013	3175
2028	990
2042	701	2688	3799	5137	5163
2068	2249
2075	833	4446	4865
2076	2295
2084	508	3533
2094	4539
2097	4296
2105	3713
2107	3713
2110	1320	1502
2111	1436
2123	1320	1502
2124	603	1218	1754	1766	4096
2131	1506
2144	1306	1320	1502
2146	1436	1647
2150	914	1436
2151	3776
2168	1098
2169	1436
2193	1436
2200	36	1436	2287	3751
2214	1436
2226	1506
2228	4850
2239	2479
2246	764
2247	1411
2249	685	2068
2255	36	1436	2287	3751	3815
2259	1436	2689
2265	1130	3540
2280	1277
2281	2479
2283	3713
2286	5192
2287	36	466	2200	2255	2296	2392	3038	3111	3751	3815	4006	4157	4884	5101	5108
2290	3713
2295	2076
2296	36	1436	2287	3751
2299	1306
2301	5084
2315	600
2333	4264
2368	5084
2371	2857
2374	3949
2385	1523
2392	36	2287	3751
2406	2857
2432	2857
2441	2956	3882
2447	5319
2450	3713
2476	4199
2478	500	1308	1411	1741	1941	2736	3816
2479	164	703	810	1218	1965	2239	2281	3193	3360	3431	3585	4993
2488	5019
2497	1436	2689
2500	491	2546	3442
2502	5084
2504	600
2515	2857
2517	1436	1647	2945
2519	291
2546	491	2500	4709
2553	2849
2555	587
2562	558	4130
2565	2857
2568	685	1436	4484
2579	1436	1947
2583	2944
2590	5084
2592	5084
2602	3819
2614	777	1630	2918
2615	1336
2622	1436
2636	3713	4490
2637	424	1436	1647	2689	2945	4896
2651	4791
2663	3713
2685	61	1445
2688	2042
2689	598	685	782	1208	1436	1755	2259	2497	2637	2770	2972	2995	3111	3522	4332	4356
2701	5329
2702	3713
2728	1436
2736	2478
2758	3411
2770	1436	1523	2689
2772	4650
2790	1436
2791	2849
2792	1964
2827	1336
2841	3508
2846	4457
2849	219	357	2553	2791
2856	553	587	1748	3887
2857	64	140	453	1298	1330	1544	2371	2406	2432	2515	2565	3654	4114	5017	5100
2865	5084
2867	1964	3359
2891	393
2892	4709
2895	1436
2896	1436
2910	5329
2918	2614
2924	1320	1502
2933	5084
2936	1436
2938	3713
2944	1549	2583	3083
2945	623	1647	2517	2637	3038	3638	4256
2956	2441
2959	1328
2961	433
2967	5084
2968	1474
2972	1436	2689
2992	1436
2995	1436	1523	2689
3009	3713
3013	1943
3038	36	1436	1647	2287	2945	3751	4006
3040	3259
3064	1436
3068	4289
3072	4259
3083	800	2944	5019
3087	5084
3100	434
3111	36	1436	2287	2689	3122	3751
3119	402	587
3120	3259
3121	3261
3122	1436	3111
3131	4348
3167	5084
3175	2013	3452
3193	2479
3196	1643	3561	4089	5185
3203	1436
3217	1436	3451
3218	1681
3223	1436
3240	1436
3242	3713
3244	5324
3251	553	587
3259	3040	3120
3261	3121
3287	5084
3294	573
3297	5084
3327	5084
3340	3713
3341	1221
3359	1964	2867	5109
3360	164	2479	3585
3370	1538
3373	3680
3381	3713
3408	5084
3411	2758
3414	466	3522
3431	2479
3442	2500	4709
3445	667
3450	5084
3451	3217
3452	3175	4545
3453	463	508	738	3533
3454	3766
3470	1292
3482	5084
3497	4709
3508	1140	2841
3522	1436	1585	1647	2689	3414	4735
3525	4830
3532	4876
3533	156	463	508	738	2084	3453
3535	5084
3540	600	2265
3551	3573
3553	521	3823
3559	393
3561	1643	3196	5185
3573	679	694	1014	3551	5269	5347
3585	164	2479	3360
3587	4735
3606	587	818	1816
3617	4709
3632	1436
3638	1436	1647	2945	4484
3644	5084
3645	4732
3654	2857
3662	1334
3672	4307
3680	3373
3686	1034
3713	30	238	435	475	816	830	922	1207	1447	1505	1735	2105	2107	2283	2290	2450	2636	2663	2702	2938	3009	3242	3340	3381	3726	3980	4032	4077	4085	4218	4373	4517	4611	4794	4914	5199
3720	415
3722	4199
3726	3713
3746	5084
3751	36	466	2200	2255	2287	2296	2392	3038	3111	3815	4006	4157	4884	5101	5108
3758	4199
3766	3454
3775	600
3776	2151
3780	433
3799	2042
3800	219	1686
3815	36	1436	2255	2287	3751	5108
3816	2478
3819	2602
3820	1436	1523
3823	521	3553
3827	1553
3829	600
3843	539	5084
3872	291
3873	4949
3882	340	2441
3887	1748	2856
3896	393
3914	4709
3941	1221
3949	2374
3971	5132
3973	4709
3980	3713
4000	553	587
4006	36	2287	3038	3751
4007	587
4032	3713
4046	4830
4050	61	1445
4056	291
4062	4545
4077	1436	3713
4079	600
4085	3713
4089	1643	3196	5185
4096	2124
4098	1436
4106	4635
4114	2857
4130	2562
4139	483
4157	36	2287	3751
4164	5084
4169	1334	4360
4171	1436	4256
4173	1596
4182	1436
4184	1320	1502
4186	5283
4187	865	1639
4199	135	2476	3722	3758
4205	5084
4207	4709
4218	3713
4219	587
4229	241	4791
4233	4259
4240	5122
4242	402	553	587
4247	600
4252	1306
4256	1436	1647	2945	4171	5024
4259	9	1300	1774	3072	4233	5019	5122
4264	241	2333
4288	177
4289	3068
4296	2097
4302	1334
4307	227	3672
4332	1436	2689
4348	3131
4349	881
4356	914	1436	1585	2689
4358	61	1445
4360	1334	4169
4366	1859
4373	3713
4401	1300
4408	291
4438	1436
4441	4709
4446	1436	2075
4456	368
4457	2846
4484	685	1436	2568	3638
4490	2636
4512	587
4517	3713
4539	2094
4545	1687	3452	4062
4546	1331
4555	667
4571	1436
4579	818	1816
4602	1436
4607	5033
4611	3713
4635	1292	4106
4650	2772
4682	5095
4699	5084
4709	475	491	1017	2546	2892	3442	3497	3617	3914	3973	4207	4441
4732	3645
4735	184	3522	3587
4737	1334
4740	1277
4763	600
4765	5084
4791	2651	4229
4794	3713
4820	5084
4830	542	908	3525	4046
4850	2228
4858	1436	1585
4865	1436	2075
4876	3532
4884	36	2287	3751
4896	1436	2637
4905	393
4912	600
4914	3713
4948	553	587
4949	3873
4960	119
4965	1436
4993	2479
5017	2857
5019	2488	3083	4259
5020	5084
5022	5084
5024	993	4256	5060
5033	4607
5048	5084
5060	1294	5024
5077	1506
5082	5113
5084	107	228	246	283	479	503	633	750	923	1030	1111	1200	1286	1361	1457	1529	1726	1763	1783	1824	1856	2301	2368	2502	2590	2592	2865	2933	2967	3087	3167	3287	3297	3327	3408	3450	3482	3535	3644	3746	3843	4164	4205	4699	4765	4820	5020	5022	5048	5119	5150	5223	5308
5095	538	679	1395	4682
5098	5192
5100	2857
5101	36	1436	2287	3751
5108	36	1436	2287	3751	3815
5109	1964	3359
5113	459	5082
5119	5084
5122	291	4240	4259
5132	1379	1986	3971
5134	1024
5137	2042
5150	5084
5163	2042	5335
5176	61	1445
5185	1643	3196	3561	4089
5192	159	1082	2286	5098
5199	3713
5223	5084
5269	3573
5271	1436
5283	4186
5308	5084
5319	2447
5323	1436
5324	3244
5329	2701	2910
5335	5163
5347	3573
