0	1	99	7887	5404	3544	1	5	309	13	165
1	1	99	7375	4969	3098	1	3	88	4	53
2	1	99	10273	8975	2747	1	1	344	0	97
3	1	99	7786	5321	3455	1	24	1854	498	852
4	1	99	7634	5310	3319	1	1	37	0	21
5	1	99	3984	2578	1900	1	3	176	6	88
6	1	99	7764	5680	3403	1	6	520	178	165
7	1	99	6543	4466	2973	1	4	166	6	74
8	1	99	6624	4509	3146	1	1	62	0	40
9	1	99	5302	3544	2190	1	0	0	0	0
10	1	99	7365	4912	3106	1	3	240	5	137
11	1	99	6472	4242	3016	1	5	409	44	159
12	1	99	9048	7501	2921	1	0	0	0	0
13	1	99	6370	4209	3028	1	0	0	0	0
14	1	99	10659	9562	2848	1	5	238	25	83
15	1	99	7507	5230	3391	1	0	0	0	0
16	1	99	7347	4980	2780	1	2	90	0	28
17	1	99	8078	6553	2635	1	2	59	0	36
18	1	99	6688	4445	3067	1	0	0	0	0
19	1	99	7398	5830	2840	1	14	1142	273	402
20	1	99	8329	6234	3139	1	1	154	0	62
21	1	99	4938	3274	2232	1	18	1289	225	555
22	1	99	7270	5284	3368	1	8	690	165	311
23	1	99	7516	5160	3356	1	2	241	24	119
24	1	99	5036	3309	2713	1	3	38	2	32
25	1	99	6418	4359	2960	1	1	119	0	70
26	1	99	7991	5828	3469	1	6	282	11	130
27	1	99	8251	6097	3192	1	1	13	0	8
28	1	99	7545	5401	3220	1	1	51	0	36
29	1	99	6627	4764	2714	1	0	0	0	0
30	1	99	8131	5463	3535	1	8	712	74	256
31	1	99	10605	9525	2866	1	4	321	28	110
32	1	99	9363	7956	2948	1	21	1665	640	544
33	1	99	6927	4629	3754	1	4	460	136	155
34	1	99	7748	5370	3479	1	1	24	0	13
35	1	99	4619	2741	2601	1	14	1075	236	545
36	1	99	6331	4451	2583	1	0	0	0	0
37	1	99	7647	5364	3386	1	0	0	0	0
38	1	99	6984	4768	3541	1	10	1121	313	380
39	1	99	6446	4226	3033	1	1	22	0	20
40	1	99	9179	7668	2995	1	1	16	0	14
41	1	99	6692	4699	3069	1	9	624	57	242
42	1	99	7600	4962	3027	1	0	0	0	0
43	1	99	7106	4799	3721	1	2	170	0	80
44	1	99	6620	4444	3057	1	1	78	0	50
45	1	99	6538	4299	3046	1	3	295	4	124
46	1	99	4963	3260	2465	1	1	28	0	16
47	1	99	6315	4492	2120	1	0	0	0	0
48	1	99	5037	3132	2841	1	0	0	0	0
49	1	99	6975	5001	3326	1	2	89	0	32
50	1	99	6651	4921	2568	1	10	271	17	175
51	1	99	7445	5855	2906	1	0	0	0	0
52	1	99	7518	5009	3408	1	25	2059	745	896
53	1	99	6506	4776	2528	1	2	73	0	27
54	1	99	5171	3090	2821	1	3	102	9	56
55	1	99	5556	3474	2786	1	0	0	0	0
56	1	99	7764	5681	3405	1	1	72	0	26
57	1	99	6576	4517	2845	1	7	260	41	147
58	1	99	6295	4442	2571	1	4	335	21	118
59	1	99	6822	4530	3185	1	5	195	9	84
60	1	99	7224	5511	2872	1	5	331	3	125
61	1	99	5614	3672	2609	1	5	319	19	149
62	1	99	8204	5666	3642	1	13	1145	243	610
63	1	99	7149	4795	3131	1	0	0	0	0
64	1	99	4329	2907	1975	1	0	0	0	0
65	1	99	5530	3633	2581	1	1	40	0	19
66	1	99	7418	5154	3323	1	2	84	0	29
67	1	99	7994	6565	2646	1	19	1295	173	439
68	1	99	4950	3509	2191	1	6	191	23	124
69	1	99	4825	3076	2697	1	2	229	0	66
70	1	99	7377	5142	3631	1	14	731	175	433
71	1	99	8056	5379	3207	1	1	66	0	15
72	1	99	7107	4613	3112	1	4	260	25	141
73	1	99	6694	4708	3075	1	0	0	0	0
74	1	99	6676	4689	3062	1	4	392	26	150
75	1	99	8178	5856	3430	1	0	0	0	0
76	1	99	7803	5216	3403	1	7	573	110	304
77	1	99	7249	5084	3542	1	9	651	90	307
78	1	99	6031	4116	2908	1	3	161	7	79
79	1	99	7989	5822	3465	1	1	24	0	13
80	1	99	6151	4025	3058	1	0	0	0	0
81	1	99	7325	5829	2896	1	3	79	8	52
82	1	99	6020	4010	2764	1	3	147	4	82
83	1	99	7400	5916	2838	1	15	1129	360	444
84	1	99	6893	4639	3072	1	0	0	0	0
85	1	99	4835	3359	2183	1	7	588	29	241
86	1	99	4978	2928	2757	1	2	284	39	132
87	1	99	7096	4793	3132	1	1	128	0	54
88	1	99	9665	7804	2904	1	1	38	0	7
89	1	99	4710	3308	1813	1	0	0	0	0
90	1	99	7609	5280	3310	1	7	516	76	226
91	1	99	4294	3073	1997	1	1	22	0	18
92	1	99	8540	6144	3558	1	6	1156	176	258
93	1	99	7668	5133	3450	1	5	186	19	111
94	1	99	9082	7716	2914	1	6	619	223	131
95	1	99	6490	4286	3022	1	8	421	72	173
96	1	99	7251	5303	3391	1	20	864	300	486
97	1	99	7596	5269	3309	1	20	1468	266	502
98	1	99	3983	2577	1893	1	3	223	4	117
99	1	99	7771	5255	3476	1	6	316	6	156
100	1	99	5514	3509	2530	1	13	370	117	259
101	1	99	5287	3271	2640	1	0	0	0	0
102	1	99	8933	7640	2846	1	1	15	0	5
103	1	99	7981	5359	3536	1	5	469	42	199
104	1	99	5195	3336	2869	1	2	144	2	79
105	1	99	7228	5679	2488	1	20	891	153	398
106	1	99	3977	2563	1895	1	1	80	0	59
107	1	99	4240	3022	1984	1	4	683	83	255
108	1	99	9062	7524	2940	1	16	1377	301	484
109	1	99	7486	5009	3392	1	6	310	36	212
110	1	99	6832	4656	3318	1	9	326	79	220
111	1	99	10326	9208	2847	1	6	538	152	194
112	1	99	6907	4383	2813	1	2	48	0	26
113	1	99	6399	4718	2617	1	1	53	0	33
114	1	99	8457	6856	2705	1	15	1648	1096	615
115	1	99	10587	9458	2872	1	1	24	0	13
116	1	99	6235	4055	2362	1	1	24	0	13
117	1	99	4741	3335	2168	1	7	183	12	102
118	1	99	6575	4515	3048	1	2	88	0	59
119	1	99	7545	4991	3389	1	3	305	2	112
120	1	99	9592	8272	2982	1	17	1155	195	376
121	1	99	5872	3788	3158	1	10	603	144	298
122	1	99	6118	3861	3380	1	10	407	79	267
123	1	99	7523	5400	3363	1	9	419	25	207
124	1	99	7092	4794	3194	1	10	446	66	295
125	1	99	4882	3178	2415	1	16	711	222	448
126	1	99	8251	5559	3227	1	3	105	6	82
127	1	99	7212	5671	2474	1	0	0	0	0
128	1	99	8268	5717	3722	1	1	35	0	15
129	1	99	7336	4814	3363	1	6	316	29	186
130	1	99	4282	3058	1980	1	1	24	0	13
131	1	99	4258	2831	1967	1	2	24	0	22
132	1	99	6649	4411	3371	1	3	180	0	60
133	1	99	8659	6443	3300	1	7	272	31	174
134	1	99	8706	7367	2860	1	3	103	0	43
135	1	99	6533	4662	2593	1	1	66	0	15
136	1	99	5915	3792	3157	1	1	52	0	33
137	1	99	6356	4091	3377	1	3	368	0	154
138	1	99	6476	4365	3254	1	27	2255	643	1127
139	1	99	4964	3532	2223	1	0	0	0	0
140	1	99	3997	2592	1899	1	5	600	54	275
141	1	99	7510	6057	2904	1	7	868	132	257
142	1	99	10654	9545	2866	1	1	13	0	11
143	1	99	7805	5273	3329	1	1	43	0	26
144	1	99	6079	3777	3268	1	16	1315	216	598
145	1	99	9164	7650	2986	1	1	133	0	30
146	1	99	6321	4490	2120	1	6	238	9	109
147	1	99	4822	2831	2691	1	2	83	0	79
148	1	99	6260	4544	2800	1	1	44	0	38
149	1	99	8454	6854	2700	1	21	1665	705	589
150	1	99	7743	5096	3447	1	8	634	74	334
151	1	99	6887	4707	3073	1	3	193	8	82
152	1	99	8421	6285	3221	1	7	480	202	137
153	1	99	6618	4457	3688	1	3	108	5	82
154	1	99	7621	5176	3764	1	12	783	146	340
155	1	99	6611	4470	2840	1	2	202	0	96
156	1	99	6980	5139	2310	1	3	102	4	88
157	1	99	6727	4717	3130	1	0	0	0	0
158	1	99	6986	4684	3773	1	24	1087	344	579
159	1	99	6284	4471	2111	1	5	255	5	79
160	1	99	9979	8020	2980	1	14	1531	925	491
161	1	99	6614	4776	2653	1	3	490	81	176
162	1	99	6873	4734	3446	1	40	2511	753	1128
163	1	99	7497	5173	3272	1	34	1555	303	815
164	1	99	6643	4697	2875	1	9	604	33	216
165	1	99	6960	4678	3789	1	1	16	0	10
166	1	99	5803	3840	2642	1	1	24	0	13
167	1	99	6976	4670	3067	1	5	220	12	128
168	1	99	7942	5949	3216	1	1	321	0	51
169	1	99	4482	2993	1897	1	8	359	81	174
170	1	99	6814	4634	3150	1	15	1191	430	612
171	1	99	7245	4939	3308	1	2	373	0	114
172	1	99	4908	3478	2204	1	9	424	109	233
173	1	99	10260	8962	2746	1	0	0	0	0
174	1	99	9138	7829	2870	1	4	250	93	94
175	1	99	4283	3062	2004	1	6	219	18	144
176	1	99	4528	2664	2512	1	9	622	30	190
177	1	99	7545	5454	3373	1	2	39	0	18
178	1	99	6989	4672	3127	1	2	295	2	102
179	1	99	5311	3364	2948	1	25	1392	329	697
180	1	99	9954	7977	2960	1	6	556	113	161
181	1	99	5694	3758	2609	1	5	159	7	93
182	1	99	8819	7264	2910	1	2	581	99	150
183	1	99	6795	4801	3115	1	4	512	51	211
184	1	99	7445	5129	3280	1	2	274	2	104
185	1	99	4919	3275	2222	1	1	303	0	95
186	1	99	6302	4330	2737	1	3	258	7	104
187	1	99	6280	4198	3094	1	5	321	26	191
188	1	99	10642	9540	2865	1	0	0	0	0
189	1	99	7665	5609	3419	1	1	24	0	13
190	1	99	7125	5595	2783	1	2	207	7	115
191	1	99	8338	5971	3511	1	0	0	0	0
192	1	99	6935	4500	2918	1	6	328	13	160
193	1	99	4689	3056	1849	1	0	0	0	0
194	1	99	7170	4957	2822	1	1	66	0	15
195	1	99	6684	4510	3146	1	1	89	0	31
196	1	99	7621	5376	3381	1	0	0	0	0
197	1	99	6915	4718	3500	1	1	9	0	9
198	1	99	6727	4700	2874	1	2	54	0	32
199	1	99	6400	4120	3440	1	5	442	56	211
200	1	99	5837	3644	3245	1	6	619	59	266
201	1	99	8018	5525	3623	1	8	328	42	150
202	1	99	9169	7802	2908	1	2	326	19	110
203	1	99	6920	4656	3777	1	10	673	137	339
204	1	99	4255	3043	1993	1	2	79	18	27
205	1	99	6776	4766	3156	1	0	0	0	0
206	1	99	6857	4595	3729	1	3	402	15	152
207	1	99	6231	4529	2586	1	2	165	3	61
208	1	99	6060	3914	3059	1	2	314	19	128
209	1	99	10541	9431	2841	1	5	244	43	120
210	1	99	8614	6280	3252	1	1	44	0	24
211	1	99	8581	7102	2916	1	9	619	63	172
212	1	99	6202	4119	3301	1	4	444	178	135
213	1	99	6829	4319	3405	1	6	588	203	310
214	1	99	6079	4194	2675	1	2	127	0	55
215	1	99	4857	3409	2170	1	17	840	178	403
216	1	99	6640	4639	2802	1	6	238	6	137
217	1	99	7692	5171	3071	1	1	99	0	45
218	1	99	6529	4751	2945	1	4	259	28	118
219	1	99	7342	5402	3388	1	6	413	75	250
220	1	99	7347	5112	3242	1	14	1013	244	467
221	1	99	9003	7413	2832	1	33	3845	2769	1187
222	1	99	7204	4831	3146	1	5	231	15	94
223	1	99	7570	5451	2437	1	10	632	296	189
224	1	99	8874	7484	2887	1	4	89	3	46
225	1	99	9477	7997	2951	1	2	110	24	39
226	1	99	7119	5081	3436	1	1	41	0	26
227	1	99	7894	5401	3548	1	4	442	29	147
228	1	99	5849	3882	2638	1	2	64	0	47
229	1	99	5546	3673	2689	1	15	681	120	368
230	1	99	6489	4588	2501	1	0	0	0	0
231	1	99	5733	3682	2808	1	5	185	34	129
232	1	99	9581	8077	3010	1	6	450	96	202
233	1	99	8136	5850	3466	1	1	25	0	12
234	1	99	5944	3898	2817	1	4	219	9	99
235	1	99	5912	3891	2794	1	6	363	17	190
236	1	99	6999	4821	2883	1	26	1630	360	714
237	1	99	4819	3304	2153	1	0	0	0	0
238	1	99	6657	4470	2975	1	1	135	0	35
239	1	99	7487	5998	2888	1	13	1156	305	465
240	1	99	7904	5744	3525	1	3	212	0	48
241	1	99	7021	5509	2743	1	2	57	3	36
242	1	99	4953	3531	2210	1	2	69	2	30
243	1	99	7594	5270	3303	1	34	2730	860	1115
244	1	99	7912	5495	3774	1	5	279	17	137
245	1	99	4979	3532	2243	1	2	100	6	60
246	1	99	7718	5478	3411	1	6	203	14	118
247	1	99	7614	5191	3446	1	22	1321	334	686
248	1	99	7459	5452	3371	1	2	88	0	42
249	1	99	8065	5894	3566	1	0	0	0	0
250	1	99	7536	5213	3270	1	28	2028	569	1033
251	1	99	7075	4737	3237	1	1	61	0	43
252	1	99	9583	8223	2984	1	7	794	255	197
253	1	99	4782	2839	2711	1	2	147	0	40
254	1	99	6652	4732	2823	1	1	168	0	5
255	1	99	6675	4686	3056	1	0	0	0	0
256	1	99	7990	6554	2778	1	0	0	0	0
257	1	99	5496	3606	2616	1	1	18	0	9
258	1	99	7303	5779	2833	1	1	203	0	46
259	1	99	7655	5254	2977	1	3	78	0	35
260	1	99	7692	5161	3073	1	0	0	0	0
261	1	99	8427	6950	2766	1	16	976	204	557
262	1	99	7535	4673	3005	1	1	33	0	23
263	1	99	5731	3807	2589	1	0	0	0	0
264	1	99	7501	5949	2895	1	13	858	142	388
265	1	99	5650	3769	2810	1	1	29	0	16
266	1	99	5426	3678	2722	1	0	0	0	0
267	1	99	6984	4451	2940	1	0	0	0	0
268	1	99	7823	5747	3423	1	3	138	0	97
269	1	99	6631	4574	3121	1	5	261	40	147
270	1	99	7558	5448	3380	1	7	499	105	196
271	1	99	8065	6625	2694	1	10	774	128	263
272	1	99	7133	5600	2765	1	8	844	265	351
273	1	99	8197	5666	3616	1	3	156	0	62
274	1	99	4967	3540	2223	1	7	858	293	315
275	1	99	7222	4900	3266	1	6	482	43	200
276	1	99	4009	2580	1908	1	0	0	0	0
277	1	99	4300	3077	2010	1	13	853	130	364
278	1	99	6613	4594	3088	1	4	173	19	95
279	1	99	3991	2584	1899	1	19	1236	482	693
280	1	99	6855	4907	3308	1	3	224	4	112
281	1	99	6518	4393	3293	1	4	179	13	96
282	1	99	7394	5185	3292	1	3	318	5	114
283	1	99	7450	5292	3498	1	3	416	71	182
284	1	99	6381	4203	3036	1	2	108	9	27
285	1	99	7061	5547	2863	1	4	143	9	68
286	1	99	5907	4168	2426	1	10	549	100	235
287	1	99	4011	2594	1910	1	12	510	88	314
288	1	99	8183	5486	3168	1	9	554	87	302
289	1	99	8417	6819	2687	1	34	4306	3079	1363
290	1	99	7601	5076	3418	1	8	541	92	303
291	1	99	6546	4366	3553	1	3	257	2	92
292	1	99	6298	4419	2542	1	13	716	119	383
293	1	99	5861	3751	3198	1	3	114	4	81
294	1	99	4182	2979	1935	1	4	124	4	89
295	1	99	7984	6533	2791	1	12	779	84	299
296	1	99	4536	2690	2576	1	7	546	18	265
297	1	99	6360	4144	2369	1	5	572	45	242
298	1	99	5008	3053	2750	1	1	24	0	13
299	1	99	4011	2604	1912	1	1	93	0	49
300	1	99	7334	4978	3035	1	2	146	0	75
301	1	99	6620	4401	3035	1	3	154	0	77
302	1	99	10566	9449	2863	1	0	0	0	0
303	1	99	7250	5745	2860	1	6	395	31	146
304	1	99	8624	7254	2866	1	7	658	111	172
305	1	99	7818	5646	3516	1	33	2461	1131	1056
306	1	99	4760	2774	2640	1	5	305	23	110
307	1	99	9941	7980	2969	1	11	450	23	207
308	1	99	3954	2548	1890	1	2	236	2	100
309	1	99	6944	4635	3096	1	1	114	0	64
310	1	99	9031	7630	2935	1	1	37	0	21
311	1	99	7754	5655	3433	1	3	57	0	45
312	1	99	6631	4643	3038	1	10	818	172	363
313	1	99	7036	4843	3106	1	12	942	162	361
314	1	99	9466	8116	3015	1	32	3115	1134	875
315	1	99	4174	2967	1977	1	1	24	0	13
316	1	99	3999	2582	1910	1	1	130	0	54
317	1	99	7117	5584	2776	1	3	357	13	122
318	1	99	8124	5432	3534	1	2	111	0	55
319	1	99	7667	5135	3071	1	1	130	0	54
320	1	99	7383	5816	2823	1	1	199	0	71
321	1	99	7658	5124	3440	1	2	32	0	24
322	1	99	7736	5656	3382	1	5	928	181	315
323	1	99	8171	5704	3471	1	1	44	0	29
324	1	99	9574	8067	3000	1	1	37	0	21
325	1	99	6298	4428	2561	1	3	193	2	62
326	1	99	7228	4843	3158	1	3	224	5	77
327	1	99	9075	7728	2890	1	14	1026	252	383
328	1	99	7402	5469	3531	1	8	479	72	184
329	1	99	7371	5842	2853	1	1	17	0	8
330	1	99	8321	5967	3451	1	16	794	188	373
331	1	99	7490	5247	3485	1	6	391	9	178
332	1	99	5921	3916	3128	1	1	64	0	22
333	1	99	9311	8024	3015	1	6	297	25	131
334	1	99	9279	6973	3488	1	3	118	13	67
335	1	99	6613	4402	3667	1	4	544	66	225
336	1	99	7586	5024	2999	1	5	549	50	202
337	1	99	8419	7035	2834	1	3	467	103	75
338	1	99	7463	4993	3423	1	1	40	0	23
339	1	99	7382	5743	2867	1	35	2916	845	1364
340	1	99	6604	4344	3460	1	0	0	0	0
341	1	99	7444	5625	2924	1	4	499	8	117
342	1	99	7053	4839	3623	1	0	0	0	0
343	1	99	4957	3289	2241	1	9	509	133	220
344	1	99	10663	9543	2881	1	6	801	244	188
345	1	99	3969	2583	1884	1	1	32	0	12
346	1	99	5511	3510	3010	1	1	22	0	14
347	1	99	6838	4902	3328	1	0	0	0	0
348	1	99	6324	4455	2570	1	0	0	0	0
349	1	99	7427	5982	2925	1	1	119	0	40
350	1	99	6975	5185	2979	1	3	157	15	103
351	1	99	6795	4573	3676	1	5	484	140	202
352	1	99	7596	5047	3406	1	4	225	0	111
353	1	99	4268	3031	1991	1	0	0	0	0
354	1	99	8351	6756	2651	1	22	2584	1750	801
355	1	99	9419	7872	2987	1	3	131	0	45
356	1	99	7438	5965	2529	1	2	49	0	28
357	1	99	4816	3389	2161	1	0	0	0	0
358	1	99	6112	4187	2530	1	11	655	85	258
359	1	99	9147	7776	2898	1	5	329	68	104
360	1	99	5168	3114	2812	1	4	237	55	90
361	1	99	7718	5253	3270	1	0	0	0	0
362	1	99	7661	5124	3447	1	24	2044	379	860
363	1	99	6548	4286	3015	1	0	0	0	0
364	1	99	7301	5185	3348	1	3	703	13	160
365	1	99	6601	4645	3016	1	0	0	0	0
366	1	99	4005	2534	1892	1	1	18	0	14
367	1	99	6463	4336	2864	1	6	416	52	164
368	1	99	5041	3011	2705	1	0	0	0	0
369	1	99	5384	3607	2190	1	0	0	0	0
370	1	99	6350	4137	2474	1	0	0	0	0
371	1	99	7882	6359	2569	1	1	43	0	9
372	1	99	8639	7262	2867	1	9	698	200	203
373	1	99	4883	3228	2228	1	0	0	0	0
374	1	99	9169	7803	2891	1	6	358	32	178
375	1	99	6345	4161	2472	1	2	78	0	45
376	1	99	9201	7832	2926	1	25	2120	873	635
377	1	99	7758	5679	3400	1	0	0	0	0
378	1	99	6428	4551	2533	1	5	294	18	150
379	1	99	6621	4724	2726	1	8	760	130	306
380	1	99	6043	4385	2477	1	1	27	0	23
381	1	99	7333	4922	3078	1	0	0	0	0
382	1	99	7191	4716	3347	1	4	84	8	57
383	1	99	6222	4371	2537	1	3	394	154	99
384	1	99	7636	5140	3433	1	3	212	0	72
385	1	99	7176	4841	3027	1	2	75	0	31
386	1	99	7438	5080	3337	1	4	138	5	77
387	1	99	10484	9382	2864	1	2	262	0	102
388	1	99	6635	4660	3031	1	2	274	2	83
389	1	99	7551	5414	3393	1	4	263	2	119
390	1	99	7677	6209	2925	1	1	13	0	10
391	1	99	7116	5173	3444	1	12	688	223	349
392	1	99	6324	4450	2574	1	0	0	0	0
393	1	99	8810	6581	3372	1	10	801	182	350
394	1	99	6879	4815	3179	1	21	1058	322	601
395	1	99	5639	3541	2775	1	2	50	6	36
396	1	99	7316	5765	2835	1	20	1531	420	631
397	1	99	6815	4518	3732	1	3	190	14	103
398	1	99	4828	2878	2702	1	21	1267	419	642
399	1	99	7798	5674	3444	1	1	24	0	13
400	1	99	7802	5633	3479	1	8	533	136	191
401	1	99	4925	3488	2201	1	1	15	0	15
402	1	99	6929	4447	2853	1	4	273	29	100
403	1	99	6284	4423	2573	1	0	0	0	0
404	1	99	7843	5291	3498	1	2	113	3	48
405	1	99	6891	4475	3249	1	12	826	109	429
406	1	99	7453	5821	2493	1	4	207	2	88
407	1	99	6817	4798	3367	1	10	853	126	393
408	1	99	5477	3452	2829	1	5	562	33	136
409	1	99	4356	2981	2079	1	7	275	15	133
410	1	99	6065	4064	2676	1	2	305	10	151
411	1	99	7140	4661	3590	1	3	183	8	64
412	1	99	6336	4101	3420	1	2	28	0	22
413	1	99	4519	2630	2574	1	11	763	334	371
414	1	99	7379	5179	3285	1	12	619	75	384
415	1	99	6956	4491	3458	1	4	180	6	106
416	1	99	3999	2591	1906	1	2	125	0	77
417	1	99	7739	5617	3320	1	3	382	0	109
418	1	99	3852	2464	1831	1	3	283	21	160
419	1	99	5004	3205	2455	1	1	29	0	8
420	1	99	10329	9194	2820	1	5	695	102	88
421	1	99	4963	3294	2239	1	7	251	5	116
422	1	99	5436	3400	2707	1	6	359	24	148
423	1	99	6158	3932	3340	1	2	42	0	34
424	1	99	9264	7758	2977	1	3	302	0	108
425	1	99	9075	7730	2830	1	5	356	74	153
426	1	99	8916	6405	3638	1	4	114	2	78
427	1	99	7707	5718	3166	1	2	48	0	26
428	1	99	5374	3247	2854	1	2	221	4	123
429	1	99	4287	3060	1990	1	0	0	0	0
430	1	99	7646	5067	3449	1	1	19	0	13
431	1	99	6133	4076	3377	1	13	803	99	457
432	1	99	7490	5929	2881	1	2	68	2	44
433	1	99	7266	5737	2784	1	3	505	219	142
434	1	99	4889	2849	2734	1	0	0	0	0
435	1	99	8054	5840	3579	1	30	2914	1229	982
436	1	99	7470	5138	3260	1	0	0	0	0
437	1	99	8983	6638	3367	1	3	119	5	71
438	1	99	7981	5658	3337	1	1	12	0	10
439	1	99	7086	5039	3130	1	4	147	12	53
440	1	99	5879	3807	3122	1	2	252	5	56
441	1	99	7518	5009	3448	1	0	0	0	0
442	1	99	10647	9528	2880	1	15	1448	600	404
443	1	99	6726	4551	3170	1	22	1934	722	766
444	1	99	6629	4486	3129	1	5	512	8	167
445	1	99	8196	5841	3433	1	6	235	2	113
446	1	99	7301	5388	3372	1	33	3414	847	1360
447	1	99	6365	4159	3392	1	6	405	19	229
448	1	99	6788	4928	2842	1	0	0	0	0
449	1	99	5756	3709	3036	1	2	72	0	42
450	1	99	6926	4860	3198	1	5	169	6	110
451	1	99	7293	5773	2882	1	3	524	95	179
452	1	99	7001	4908	3196	1	10	680	193	365
453	1	99	7743	5641	3437	1	21	1681	451	680
454	1	99	7776	5700	3409	1	1	70	0	58
455	1	99	6496	4756	2543	1	2	95	15	51
456	1	99	7589	5265	3289	1	10	276	34	179
457	1	99	7556	5469	3345	1	1	18	0	8
458	1	99	4766	3342	1836	1	14	574	76	285
459	1	99	10639	9534	2864	1	3	178	0	62
460	1	99	4301	3086	2009	1	3	93	2	54
461	1	99	7190	4787	3140	1	6	422	67	203
462	1	99	7613	5414	2453	1	3	335	8	91
463	1	99	9209	7841	2925	1	0	0	0	0
464	1	99	6363	4286	3488	1	1	18	0	16
465	1	99	7701	5619	3446	1	9	576	46	177
466	1	99	9059	7430	2726	1	7	736	241	317
467	1	99	8738	7325	2885	1	32	2676	1293	825
468	1	99	6990	5073	3413	1	0	0	0	0
469	1	99	7365	5116	3393	1	0	0	0	0
470	1	99	7527	5090	3442	1	1	96	0	54
471	1	99	7118	4785	3117	1	1	38	0	34
472	1	99	4898	2911	2758	1	0	0	0	0
473	1	99	4934	3501	2206	1	2	96	0	41
474	1	99	7604	5081	3411	1	0	0	0	0
475	1	99	5658	3770	2733	1	9	220	49	176
476	1	99	7580	5096	3019	1	2	65	0	33
477	1	99	5210	3331	2490	1	1	19	0	12
478	1	99	6546	4325	3630	1	6	176	6	102
479	1	99	6196	3960	2837	1	0	0	0	0
480	1	99	8811	6567	3413	1	7	1467	447	570
481	1	99	6309	4113	3393	1	3	148	25	108
482	1	99	7352	5405	3510	1	11	772	342	357
483	1	99	7379	4832	3312	1	3	129	12	78
484	1	99	4628	3191	1763	1	27	2507	791	894
485	1	99	5953	4082	2531	1	1	28	0	21
486	1	99	7614	5056	3409	1	2	115	0	56
487	1	99	5639	3501	2924	1	0	0	0	0
488	1	99	7776	5700	3407	1	1	19	0	11
489	1	99	5568	3764	2726	1	13	513	129	296
490	1	99	7920	6308	2708	1	7	1080	129	277
491	1	99	5901	3797	3060	1	4	224	47	129
492	1	99	4979	3557	2218	1	9	700	124	340
493	1	99	7565	5258	3279	1	2	224	0	123
494	1	99	9408	7029	3413	1	1	10	0	10
495	1	99	8580	7111	2931	1	45	4895	3469	1287
496	1	99	8532	7133	2808	1	0	0	0	0
497	1	99	7368	5776	2471	1	1	17	0	17
498	1	99	6805	4568	3067	1	2	813	7	123
499	1	99	6510	4799	2879	1	0	0	0	0
500	1	99	5031	3117	2860	1	3	132	2	72
501	1	99	7307	5799	2833	1	1	38	0	34
502	1	99	8367	6767	2692	1	102	8771	6145	3047
503	1	99	6556	4411	3107	1	10	702	53	263
504	1	99	6683	4623	3148	1	10	523	79	245
505	1	99	8771	6424	3280	1	3	296	8	67
506	1	99	4233	3007	1981	1	2	45	0	27
507	1	99	6821	4881	2864	1	0	0	0	0
508	1	99	7629	5069	3422	1	1	14	0	12
509	1	99	6329	4034	3385	1	4	92	0	35
510	1	99	4720	3014	2672	1	0	0	0	0
511	1	99	5888	4005	2933	1	3	54	0	39
512	1	99	3844	2424	1848	1	0	0	0	0
513	1	99	8934	7398	2898	1	5	390	14	113
514	1	99	8963	7566	2861	1	28	2626	1068	668
515	1	99	8605	7205	2881	1	10	482	121	213
516	1	99	6347	4472	2590	1	1	66	0	33
517	1	99	6954	4807	3210	1	0	0	0	0
518	1	99	6482	4370	3027	1	12	512	51	192
519	1	99	4227	3030	1961	1	4	156	0	87
520	1	99	6975	4631	3510	1	3	172	0	37
521	1	99	7402	5516	2303	1	2	313	14	142
522	1	99	5523	3648	2955	1	5	120	8	74
523	1	99	7665	5580	3388	1	6	424	17	214
524	1	99	6430	4322	2955	1	0	0	0	0
525	1	99	6547	4284	3256	1	3	354	8	158
526	1	99	6405	4289	3107	1	2	65	0	28
527	1	99	6517	4383	3048	1	8	786	89	344
528	1	99	6768	4752	3144	1	1	27	0	18
529	1	99	7960	6530	2679	1	36	3840	1439	1238
530	1	99	6959	5288	2803	1	1	24	0	13
531	1	99	7174	4682	3037	1	14	825	183	309
532	1	99	6308	4435	2573	1	0	0	0	0
533	1	99	8689	6268	3629	1	1	39	0	32
534	1	99	6613	4528	3118	1	4	448	65	201
535	1	99	8189	5504	3205	1	1	46	0	28
536	1	99	4281	3051	2003	1	3	117	34	49
537	1	99	7287	5498	2292	1	1	31	0	7
538	1	99	7296	4890	3054	1	2	101	0	29
539	1	99	6810	4317	3404	1	8	621	238	341
540	1	99	6328	4456	2582	1	0	0	0	0
541	1	99	6827	4318	3411	1	4	274	5	117
542	1	99	6157	3894	3197	1	9	348	21	192
543	1	99	8165	5628	3633	1	23	1951	604	897
544	1	99	4832	2812	2665	1	1	14	0	10
545	1	99	6697	4628	3208	1	7	682	192	209
546	1	99	7098	5024	3214	1	17	625	137	401
547	1	99	5284	3314	2625	1	9	683	121	410
548	1	99	7815	6352	2961	1	17	1215	374	559
549	1	99	7304	4783	3424	1	2	30	2	24
550	1	99	8795	6607	3341	1	2	49	0	23
551	1	99	8004	5333	3194	1	2	85	0	27
552	1	99	6298	4415	2573	1	1	12	0	10
553	1	99	7688	6199	2944	1	9	626	99	296
554	1	99	6478	4384	3324	1	3	91	6	47
555	1	99	5349	3360	2657	1	22	1885	383	685
556	1	99	5341	3366	2657	1	3	212	4	92
557	1	99	3985	2574	1915	1	1	13	0	6
558	1	99	6994	5204	2985	1	3	217	6	100
559	1	99	6681	4686	3061	1	1	65	0	19
560	1	99	7199	5146	3327	1	1	17	0	7
561	1	99	7358	4951	3085	1	3	71	2	48
562	1	99	7362	5437	3513	1	2	62	0	32
563	1	99	8821	6466	3338	1	6	533	25	135
564	1	99	7635	5096	3061	1	5	208	10	134
565	1	99	9286	7677	2857	1	14	1444	884	430
566	1	99	10647	9520	2880	1	2	96	0	34
567	1	99	8673	6446	3352	1	2	145	28	62
568	1	99	6339	4126	3402	1	4	210	30	142
569	1	99	6671	4719	2878	1	4	147	2	83
570	1	99	6592	4599	3065	1	3	138	0	57
571	1	99	7466	5205	3447	1	11	818	107	392
572	1	99	6598	4412	3675	1	0	0	0	0
573	1	99	7122	5042	3249	1	2	26	0	22
574	1	99	9168	7667	2982	1	7	709	232	157
575	1	99	4877	3000	2431	1	3	72	12	44
576	1	99	4295	3070	1995	1	0	0	0	0
577	1	99	7567	5392	2436	1	6	590	35	148
578	1	99	9569	8068	2994	1	5	145	9	65
579	1	99	8339	6994	2785	1	4	187	6	85
580	1	99	7419	5247	2411	1	18	813	292	294
581	1	99	6320	4499	2120	1	2	97	0	52
582	1	99	8268	6654	2660	1	2	137	6	41
583	1	99	9912	8077	2960	1	7	624	97	203
584	1	99	6479	4350	3272	1	1	23	0	23
585	1	99	7874	5392	3528	1	0	0	0	0
586	1	99	4295	3071	1997	1	12	682	62	377
587	1	99	7694	5611	3441	1	36	2589	1226	1075
588	1	99	6934	4690	3120	1	0	0	0	0
589	1	99	9204	7831	2916	1	21	2082	694	591
590	1	99	6248	4400	2565	1	1	22	0	20
591	1	99	4771	3057	2340	1	4	766	44	125
592	1	99	7032	4967	2983	1	3	344	61	157
593	1	99	8775	7315	2925	1	8	723	108	136
594	1	99	7084	5008	3227	1	2	174	11	96
595	1	99	6963	4893	3240	1	8	282	86	174
596	1	99	7077	4532	2953	1	1	44	0	26
597	1	99	5349	3408	2752	1	2	150	0	48
598	1	99	7545	5403	3494	1	1	62	0	46
599	1	99	6712	4697	2466	1	7	472	231	138
600	1	99	9202	7836	2917	1	11	1020	179	484
601	1	99	8239	6720	2758	1	3	91	0	33
602	1	99	7726	5205	3250	1	2	38	0	25
603	1	99	7010	5091	2896	1	27	1858	486	881
604	1	99	7150	5062	3603	1	0	0	0	0
605	1	99	7246	5197	3350	1	5	361	53	162
606	1	99	3887	2484	1890	1	0	0	0	0
607	1	99	5496	3514	2517	1	9	423	57	304
608	1	99	6780	4367	2629	1	5	397	14	100
609	1	99	7227	4711	3014	1	0	0	0	0
610	1	99	7583	5139	3430	1	0	0	0	0
611	1	99	5406	3374	3042	1	6	263	17	140
612	1	99	6439	4393	2835	1	2	134	7	64
613	1	99	6976	5111	2720	1	0	0	0	0
614	1	99	4015	2602	1915	1	14	749	81	341
615	1	99	7693	5159	3081	1	1	18	0	12
616	1	99	6922	4609	3396	1	1	26	0	9
617	1	99	8081	5959	3151	1	3	121	23	86
618	1	99	5081	3159	2670	1	2	35	0	31
619	1	99	4938	3516	2216	1	0	0	0	0
620	1	99	7464	4987	3361	1	5	218	14	138
621	1	99	6779	4669	3417	1	2	101	0	52
622	1	99	4656	2740	2604	1	0	0	0	0
623	1	99	10629	9529	2856	1	0	0	0	0
624	1	99	6591	4462	3005	1	0	0	0	0
625	1	99	6466	4456	2804	1	0	0	0	0
626	1	99	6661	4964	2850	1	3	96	11	62
627	1	99	9684	7719	2915	1	20	1738	1226	583
628	1	99	4132	2775	1895	1	25	2240	1234	755
629	1	99	4958	3535	2213	1	2	126	2	71
630	1	99	8443	6840	2697	1	1	110	0	23
631	1	99	7676	5153	3063	1	1	18	0	16
632	1	99	7275	5325	3379	1	1	184	0	91
633	1	99	7081	4849	3569	1	5	473	189	200
634	1	99	6421	4269	3345	1	19	1604	554	679
635	1	99	7035	5112	3451	1	3	148	11	106
636	1	99	4744	3328	1836	1	3	293	2	134
637	1	99	6142	4207	3174	1	3	77	2	49
638	1	99	6962	4642	3109	1	15	1154	148	430
639	1	99	8310	5618	3269	1	4	301	8	107
640	1	99	7337	5392	3383	1	9	529	70	326
641	1	99	7434	5109	3326	1	30	2286	1321	857
642	1	99	8635	7274	2862	1	1	24	0	7
643	1	99	7363	5728	2852	1	7	357	29	180
644	1	99	8013	5848	3549	1	2	43	0	34
645	1	99	7503	4833	2969	1	0	0	0	0
646	1	99	6216	4278	2853	1	5	336	4	182
647	1	99	8410	6814	2684	1	39	4057	2645	1278
648	1	99	5699	3758	2366	1	3	93	6	72
649	1	99	8889	6540	3332	1	5	571	191	202
650	1	99	9181	7822	2912	1	1	51	0	34
651	1	99	6901	4667	3132	1	1	75	0	39
652	1	99	5567	3511	2870	1	6	536	61	201
653	1	99	7401	4877	3388	1	7	446	41	197
654	1	99	7669	5130	3451	1	1	48	0	36
655	1	99	9902	8017	2959	1	8	705	23	180
656	1	99	4817	2973	2638	1	3	72	4	66
657	1	99	4021	2608	1918	1	2	163	14	73
658	1	99	4807	3418	2193	1	0	0	0	0
659	1	99	4293	3075	1995	1	5	444	16	194
660	1	99	5251	3542	2148	1	10	557	32	270
661	1	99	5496	3332	3206	1	14	822	202	421
662	1	99	5651	3916	2591	1	0	0	0	0
663	1	99	6561	4464	3108	1	7	404	115	177
664	1	99	6510	4741	2956	1	3	208	6	108
665	1	99	5327	3352	2648	1	2	57	0	32
666	1	99	6977	4780	3205	1	6	463	35	200
667	1	99	6123	4089	3204	1	15	875	298	451
668	1	99	7032	5511	2766	1	1	93	0	33
669	1	99	6518	4711	2592	1	0	0	0	0
670	1	99	8893	6550	3495	1	0	0	0	0
671	1	99	9844	8730	2780	1	4	558	59	97
672	1	99	8942	7371	2694	1	20	2289	1363	739
673	1	99	4951	3556	2173	1	0	0	0	0
674	1	99	7715	5556	3505	1	17	1382	372	480
675	1	99	8231	6050	3483	1	1	23	0	10
676	1	99	4929	3508	2189	1	4	103	5	72
677	1	99	6085	4331	2597	1	0	0	0	0
678	1	99	4011	2604	1908	1	5	596	13	108
679	1	99	8773	7284	2900	1	5	582	32	142
680	1	99	6663	4536	2855	1	0	0	0	0
681	1	99	9005	7660	2909	1	2	198	0	91
682	1	99	6582	4431	3236	1	1	98	0	8
683	1	99	8322	6044	3153	1	1	59	0	53
684	1	99	7621	5299	3323	1	0	0	0	0
685	1	99	6840	4347	2770	1	3	81	0	42
686	1	99	6184	4372	2545	1	0	0	0	0
687	1	99	7161	4655	3040	1	0	0	0	0
688	1	99	6778	4796	3337	1	5	323	51	163
689	1	99	7185	4794	3101	1	15	866	68	339
690	1	99	6985	4593	2936	1	0	0	0	0
691	1	99	7733	5635	3419	1	5	217	14	91
692	1	99	7174	5141	3399	1	10	563	113	235
693	1	99	7850	5295	3475	1	0	0	0	0
694	1	99	4271	3047	1988	1	2	65	2	37
695	1	99	5197	3179	2905	1	11	651	61	310
696	1	99	6649	4450	3090	1	17	1319	293	625
697	1	99	5763	3572	3205	1	6	640	107	277
698	1	99	4963	3295	2240	1	1	188	0	67
699	1	99	6380	4270	3035	1	1	16	0	12
700	1	99	7447	5178	3244	1	9	912	85	344
701	1	99	9732	7898	2920	1	3	317	17	91
702	1	99	10494	9334	2860	1	6	545	185	238
703	1	99	6700	4669	2466	1	2	16	0	14
704	1	99	6939	4880	3604	1	8	750	359	254
705	1	99	6710	4420	3071	1	0	0	0	0
706	1	99	7372	5106	3293	1	3	154	0	82
707	1	99	7184	4988	3095	1	2	75	2	43
708	1	99	7383	5836	2834	1	22	1965	726	715
709	1	99	7619	5055	3146	1	10	689	117	453
710	1	99	9462	8082	2978	1	15	1545	383	398
711	1	99	4738	2826	2655	1	5	269	6	126
712	1	99	6305	4618	2593	1	3	87	4	50
713	1	99	7760	5668	3433	1	1	12	0	10
714	1	99	7879	5394	3543	1	11	1137	212	513
715	1	99	7542	5229	3274	1	31	2435	632	972
716	1	99	7075	4721	3214	1	2	56	0	26
717	1	99	7761	6276	2964	1	7	479	103	230
718	1	99	7418	5320	3240	1	6	168	14	96
719	1	99	8101	5437	3514	1	6	231	14	145
720	1	99	7463	5382	3396	1	8	718	48	264
721	1	99	8846	7505	2890	1	0	0	0	0
722	1	99	4010	2603	1911	1	2	287	0	83
723	1	99	6332	4455	2583	1	0	0	0	0
724	1	99	8583	7096	2912	1	7	832	163	172
725	1	99	7168	5207	3428	1	20	849	274	504
726	1	99	5542	3716	2728	1	3	217	9	128
727	1	99	7074	4666	3581	1	0	0	0	0
728	1	99	7222	5706	2864	1	1	24	0	11
729	1	99	5333	3192	2844	1	5	202	33	113
730	1	99	8654	6298	3246	1	0	0	0	0
731	1	99	6357	4216	2978	1	2	194	16	93
732	1	99	7303	5355	3369	1	8	573	48	230
733	1	99	6089	4276	2545	1	2	335	15	157
734	1	99	6708	4519	3703	1	7	378	61	214
735	1	99	4268	3059	1990	1	3	114	3	82
736	1	99	8816	7343	2880	1	3	86	0	34
737	1	99	10643	9505	2885	1	0	0	0	0
738	1	99	7208	4607	3113	1	2	116	0	60
739	1	99	6387	4236	3603	1	9	919	361	414
740	1	99	6095	4041	2756	1	1	17	0	13
741	1	99	4857	2832	2666	1	0	0	0	0
742	1	99	8923	7606	2934	1	2	177	0	87
743	1	99	7845	5391	3250	1	10	900	149	396
744	1	99	7520	5226	3288	1	1	107	0	35
745	1	99	7723	5625	3395	1	2	133	0	56
746	1	99	7226	4865	3780	1	1	24	0	13
747	1	99	4256	3033	2010	1	2	572	23	176
748	1	99	5300	3376	2819	1	52	5224	2154	2124
749	1	99	6298	4478	2109	1	2	87	0	55
750	1	99	6808	4869	2952	1	4	366	63	101
751	1	99	7769	5403	3591	1	10	1188	126	330
752	1	99	8375	6790	2680	1	43	4308	3144	1394
753	1	99	8852	7397	2952	1	13	1423	286	372
754	1	99	7547	5379	2442	1	9	557	229	186
755	1	99	7384	5832	2891	1	0	0	0	0
756	1	99	8672	7305	2848	1	9	811	58	218
757	1	99	9922	7968	2949	1	16	1654	803	553
758	1	99	7050	4816	3198	1	47	4282	1762	1564
759	1	99	7720	5476	3410	1	2	33	0	24
760	1	99	8800	6567	3384	1	0	0	0	0
761	1	99	6253	3961	3024	1	1	52	0	37
762	1	99	7155	5066	3245	1	3	114	22	71
763	1	99	6307	4233	3443	1	3	78	4	54
764	1	99	5702	3655	2989	1	3	278	17	106
765	1	99	8610	6195	3594	1	4	337	4	140
766	1	99	7171	5239	3327	1	11	1038	410	425
767	1	99	8105	6551	2679	1	1	136	0	74
768	1	99	4951	3291	2237	1	5	309	59	168
769	1	99	7460	5936	2881	1	7	854	251	326
770	1	99	9180	7602	2978	1	1	30	0	10
771	1	99	5555	3598	2564	1	7	384	47	188
772	1	99	6565	4511	3037	1	2	352	2	144
773	1	99	7519	5350	2425	1	2	68	0	25
774	1	99	7655	5124	3054	1	1	28	0	22
775	1	99	7577	5139	3453	1	3	71	0	45
776	1	99	4911	3130	2333	1	0	0	0	0
777	1	99	7645	5084	3438	1	1	133	0	47
778	1	99	6379	4686	2867	1	2	50	3	30
779	1	99	7363	4933	3329	1	5	405	2	151
780	1	99	7471	5243	3269	1	1	42	0	24
781	1	99	9091	7724	2877	1	31	3323	1957	866
782	1	99	9361	7006	3386	1	2	461	0	128
783	1	99	7102	5028	3280	1	0	0	0	0
784	1	99	7080	4993	3208	1	9	648	154	312
785	1	99	7095	5693	2808	1	1	24	0	13
786	1	99	7722	5635	3403	1	4	325	50	100
787	1	99	3927	2479	1852	1	0	0	0	0
788	1	99	6881	4981	3240	1	2	72	3	51
789	1	99	6910	4968	3302	1	1	133	0	30
790	1	99	6665	4679	3056	1	1	32	0	27
791	1	99	6632	4444	2952	1	4	347	41	220
792	1	99	6376	4247	2956	1	1	39	0	11
793	1	99	6979	4711	3048	1	1	81	0	57
794	1	99	6643	4593	2838	1	5	212	2	96
795	1	99	6987	4657	3231	1	8	586	71	318
796	1	99	9134	7769	2875	1	4	263	2	97
797	1	99	9203	7828	2925	1	6	774	74	204
798	1	99	7661	5119	3444	1	5	226	8	127
799	1	99	6170	4352	2560	1	9	478	28	199
800	1	99	4972	3518	2242	1	0	0	0	0
801	1	99	9045	7712	2844	1	18	1784	821	530
802	1	99	6312	4487	2112	1	5	147	14	97
803	1	99	8320	6731	2673	1	27	2592	1516	827
804	1	99	6565	4404	3430	1	1	235	0	84
805	1	99	6305	4428	2565	1	2	152	0	35
806	1	99	7208	5724	2879	1	2	315	0	46
807	1	99	7032	4655	2864	1	0	0	0	0
808	1	99	7123	4869	3660	1	1	28	0	12
809	1	99	7143	5677	2804	1	2	185	26	105
810	1	99	7386	5255	3346	1	15	866	80	349
811	1	99	6886	4740	3119	1	2	20	0	16
812	1	99	7694	5291	3559	1	5	557	27	256
813	1	99	10646	9518	2882	1	7	478	166	169
814	1	99	8332	6230	3223	1	2	33	0	27
815	1	99	8251	5593	3176	1	4	113	2	62
816	1	99	4267	3052	1987	1	6	343	14	164
817	1	99	6795	4991	2854	1	2	163	0	84
818	1	99	7509	5424	3280	1	368	27047	19224	11409
819	1	99	7411	5289	3346	1	5	276	17	153
820	1	99	8351	6231	3145	1	4	270	8	133
821	1	99	7699	5197	3465	1	4	394	23	198
822	1	99	7180	4791	3017	1	0	0	0	0
823	1	99	6642	4685	3031	1	3	138	2	76
824	1	99	5500	3460	2775	1	6	493	24	202
825	1	99	6774	4610	3039	1	2	31	0	29
826	1	99	7603	5276	3306	1	4	483	65	283
827	1	99	6638	4286	3337	1	3	324	11	97
828	1	99	7441	5084	3044	1	6	239	14	135
829	1	99	6806	4633	3012	1	3	175	2	129
830	1	99	5633	3634	2619	1	8	437	12	185
831	1	99	8715	7306	2873	1	12	1038	321	285
832	1	99	6540	4322	3049	1	3	57	0	32
833	1	99	6742	4576	3064	1	7	378	23	165
834	1	99	4985	3184	2586	1	10	454	135	255
835	1	99	8934	7540	2947	1	2	330	0	110
836	1	99	7535	5131	3626	1	7	767	231	263
837	1	99	7323	5811	2841	1	1	36	0	23
838	1	99	9924	8085	2941	1	9	1030	367	309
839	1	99	6829	4436	3053	1	3	139	5	65
840	1	99	6856	4805	2951	1	6	359	90	138
841	1	99	4910	3231	2217	1	10	619	282	276
842	1	99	7511	5229	3280	1	1	24	0	13
843	1	99	6460	4292	3374	1	1	184	0	96
844	1	99	10620	9517	2857	1	1	32	0	14
845	1	99	6559	4456	2982	1	3	113	0	64
846	1	99	8895	6555	3328	1	1	51	0	18
847	1	99	8786	7397	2887	1	9	778	298	277
848	1	99	5472	3509	2877	1	0	0	0	0
849	1	99	7391	5072	3024	1	4	248	0	104
850	1	99	7640	5083	3447	1	4	339	26	179
851	1	99	8991	7368	2688	1	6	484	200	172
852	1	99	6433	4226	3002	1	5	379	42	179
853	1	99	8035	6003	3140	1	4	293	37	183
854	1	99	6139	4426	2749	1	1	87	0	47
855	1	99	6985	4733	3167	1	7	600	93	269
856	1	99	6588	4600	3021	1	7	599	72	255
857	1	99	7559	5282	3301	1	0	0	0	0
858	1	99	6258	4071	3432	1	28	1806	589	832
859	1	99	7266	4939	3256	1	6	543	98	191
860	1	99	7566	5243	3293	1	0	0	0	0
861	1	99	8702	7370	2832	1	9	451	74	209
862	1	99	7341	5832	2833	1	3	85	41	25
863	1	99	7256	5232	3361	1	10	727	81	269
864	1	99	8853	7515	2878	1	8	875	146	221
865	1	99	7530	5403	3351	1	8	393	43	203
866	1	99	8373	6775	2687	1	4	361	44	137
867	1	99	7150	4632	3115	1	2	48	0	24
868	1	99	8515	6072	3625	1	11	548	82	265
869	1	99	6421	4388	3065	1	15	887	168	339
870	1	99	4875	3432	2174	1	3	126	0	68
871	1	99	10531	9406	2864	1	15	1176	603	284
872	1	99	7671	5114	3451	1	4	334	27	183
873	1	99	7480	5273	3358	1	8	616	119	262
874	1	99	7640	5088	3437	1	10	1525	608	630
875	1	99	7742	5671	3397	1	2	26	0	22
876	1	99	6743	5061	2636	1	1	14	0	10
877	1	99	10586	9457	2880	1	11	775	358	266
878	1	99	6167	4079	3396	1	7	362	90	209
879	1	99	7590	5064	3422	1	4	901	119	261
880	1	99	8152	5718	3478	1	6	473	77	185
881	1	99	6187	4404	2101	1	1	24	0	13
882	1	99	6951	4800	3211	1	96	7364	3252	3000
883	1	99	7311	4816	3386	1	0	0	0	0
884	1	99	6612	4626	2840	1	6	196	12	138
885	1	99	9203	7844	2910	1	11	1208	461	342
886	1	99	7888	5515	3429	1	3	269	0	72
887	1	99	7547	5230	3278	1	0	0	0	0
888	1	99	7877	6342	2704	1	1	132	0	56
889	1	99	6788	4623	3068	1	3	130	0	80
890	1	99	9660	7812	2886	1	7	558	64	228
891	1	99	3999	2581	1906	1	2	240	17	94
892	1	99	7072	4584	3108	1	4	560	19	145
893	1	99	4518	2670	2552	1	3	47	8	32
894	1	99	5336	3360	2654	1	1	24	0	13
895	1	99	4699	2767	2630	1	25	1509	454	729
896	1	99	7312	5348	3396	1	1	61	0	31
897	1	99	4269	2838	1930	1	4	295	52	124
898	1	99	8795	6612	3335	1	3	185	5	100
899	1	99	8025	5401	3105	1	9	529	93	319
900	1	99	6999	4858	3264	1	2	219	0	80
901	1	99	4821	3409	2176	1	6	334	43	146
902	1	99	7804	5661	3455	1	5	433	69	160
903	1	99	4479	2718	2526	1	1	41	0	32
904	1	99	6903	4789	3155	1	1	51	0	23
905	1	99	10144	8870	2771	1	4	351	29	149
906	1	99	8763	7322	2949	1	0	0	0	0
907	1	99	8990	7364	2695	1	31	3645	2338	1262
908	1	99	7604	5231	3115	1	1	179	0	58
909	1	99	8016	6450	2606	1	20	1975	1446	627
910	1	99	6884	4374	2819	1	1	24	0	13
911	1	99	9316	7800	2968	1	18	1846	676	459
912	1	99	9980	8017	2971	1	7	361	28	155
913	1	99	10666	9558	2875	1	3	159	8	78
914	1	99	5368	3239	3003	1	3	288	5	70
915	1	99	6987	5147	2314	1	16	1214	291	512
916	1	99	6079	4126	2802	1	15	1458	260	616
917	1	99	5737	3574	3233	1	0	0	0	0
918	1	99	6667	4349	3109	1	5	187	16	95
919	1	99	5807	3851	2650	1	13	1307	193	456
920	1	99	6837	4704	3167	1	10	990	197	321
921	1	99	6629	4685	2810	1	0	0	0	0
922	1	99	3997	2585	1903	1	3	196	5	95
923	1	99	6328	4465	2586	1	11	1173	486	328
924	1	99	8144	5471	3538	1	2	155	0	22
925	1	99	9583	8074	3006	1	17	1506	677	469
926	1	99	8353	6235	3142	1	3	202	7	107
927	1	99	7968	5477	3346	1	0	0	0	0
928	1	99	5496	3510	2610	1	36	2492	995	1135
929	1	99	10262	8965	2747	1	0	0	0	0
930	1	99	9218	6881	3361	1	2	148	0	70
931	1	99	6298	4360	2897	1	2	249	0	124
932	1	99	8669	6452	3366	1	0	0	0	0
933	1	99	6145	4513	2767	1	1	54	0	15
934	1	99	6669	4499	3136	1	0	0	0	0
935	1	99	8214	5895	3410	1	7	311	17	176
936	1	99	6174	4501	2755	1	28	1070	451	669
937	1	99	4884	3147	2410	1	0	0	0	0
938	1	99	7447	5816	2493	1	15	1255	116	383
939	1	99	7780	5384	3598	1	3	96	6	63
940	1	99	8918	7551	2840	1	18	1580	405	488
941	1	99	4403	3143	2045	1	3	205	0	92
942	1	99	7620	5086	3445	1	8	632	67	257
943	1	99	6410	4067	3498	1	3	247	10	123
944	1	99	6837	4328	3394	1	3	235	14	74
945	1	99	4963	3526	2222	1	0	0	0	0
946	1	99	6759	4867	2291	1	1	31	0	7
947	1	99	4924	3506	2223	1	17	1417	658	426
948	1	99	4269	3063	1986	1	7	432	13	155
949	1	99	8785	7381	2891	1	13	1119	145	303
950	1	99	7625	5208	3510	1	1	128	0	54
951	1	99	7478	5930	2878	1	6	298	37	93
952	1	99	8712	6541	3387	1	0	0	0	0
953	1	99	7539	5417	2434	1	7	569	309	168
954	1	99	6694	4626	3495	1	4	191	5	107
955	1	99	7962	5663	3330	1	3	81	0	61
956	1	99	8814	7499	2885	1	33	2260	1234	756
957	1	99	4832	3046	1826	1	0	0	0	0
958	1	99	9208	7843	2928	1	10	708	75	333
959	1	99	6405	4399	3407	1	4	237	87	113
960	1	99	8242	5823	3515	1	1	19	0	5
961	1	99	7174	5072	3188	1	1	24	0	13
962	1	99	6889	4751	3461	1	3	97	0	79
963	1	99	5727	3778	3033	1	33	1981	748	955
964	1	99	6643	4179	3299	1	0	0	0	0
965	1	99	5483	3376	2897	1	0	0	0	0
966	1	99	7425	5869	2864	1	7	425	41	215
967	1	99	6984	4973	3597	1	0	0	0	0
968	1	99	7092	4897	2882	1	2	38	0	24
969	1	99	6701	4231	3336	1	1	26	0	16
970	1	99	7459	5258	3344	1	2	38	0	34
971	1	99	5995	3764	3271	1	1	16	0	12
972	1	99	8206	5518	3206	1	3	237	16	138
973	1	99	7061	5488	2789	1	11	872	111	363
974	1	99	6423	4408	2577	1	17	1219	318	492
975	1	99	4339	3100	2023	1	1	10	0	6
976	1	99	4108	2902	1953	1	2	79	0	41
977	1	99	4170	2974	1950	1	1	69	0	6
978	1	99	8167	5688	3625	1	3	332	19	114
979	1	99	6680	4523	3158	1	0	0	0	0
980	1	99	10596	9476	2867	1	1	191	0	57
981	1	99	8014	5974	3179	1	6	635	162	329
982	1	99	7643	5405	3394	1	35	2776	1166	1232
983	1	99	9931	8099	2962	1	5	451	159	160
984	1	99	6485	4672	2523	1	2	56	0	32
985	1	99	7382	5179	3304	1	7	204	7	135
986	1	99	5435	3492	2618	1	4	448	53	215
987	1	99	6970	4779	3630	1	3	157	8	102
988	1	99	7374	4962	3092	1	15	882	126	414
989	1	99	7683	5621	3390	1	6	174	11	84
990	1	99	7086	4684	2924	1	2	112	0	69
991	1	99	7416	5332	3445	1	0	0	0	0
992	1	99	7042	4538	3034	1	24	1802	561	967
993	1	99	6689	4698	3066	1	5	180	21	124
994	1	99	6259	4182	3137	1	2	68	6	39
995	1	99	7437	4982	3386	1	4	404	109	195
996	1	99	5794	3833	2625	1	13	1112	132	473
997	1	99	7737	5657	3383	1	13	1005	179	387
998	1	99	7483	5279	2435	1	5	220	65	69
999	1	99	5497	3658	2651	1	12	625	119	289
1000	1	99	4728	3413	2122	1	3	93	2	79
1001	1	99	7428	5282	2418	1	4	192	28	70
1002	1	99	7381	5875	2920	1	5	214	25	108
1003	1	99	5788	3858	2619	1	0	0	0	0
1004	1	99	10637	9530	2871	1	4	518	79	113
1005	1	99	6965	4827	3479	1	1	17	0	11
1006	1	99	6318	4500	2116	1	5	205	46	86
1007	1	99	5819	3855	3020	1	24	700	248	490
1008	1	99	9317	6935	3608	1	5	247	9	152
1009	1	99	7691	5738	3161	1	0	0	0	0
1010	1	99	8339	6752	2662	1	23	2898	1903	844
1011	1	99	8330	6713	2667	1	33	3422	2511	1132
1012	1	99	4020	2606	1919	1	1	13	0	13
1013	1	99	8963	7368	2686	1	27	3138	2125	1012
1014	1	99	8635	7189	2815	1	35	3342	1856	981
1015	1	99	7260	5709	2500	1	2	107	0	35
1016	1	99	7539	5037	3032	1	1	52	0	37
1017	1	99	6021	3997	2703	1	13	949	144	425
1018	1	99	7204	5249	3328	1	11	842	49	385
1019	1	99	4277	3057	1985	1	17	1384	804	519
1020	1	99	10609	9496	2880	1	0	0	0	0
1021	1	99	10569	9443	2870	1	5	728	50	180
1022	1	99	7728	5206	3471	1	11	871	196	349
1023	1	99	6275	4142	2914	1	6	207	12	135
1024	1	99	4467	3148	1917	1	2	59	0	22
1025	1	99	4015	2599	1917	1	5	558	124	284
1026	1	99	4231	3005	1986	1	5	328	18	137
1027	1	99	7330	5813	2821	1	1	56	0	27
1028	1	99	7136	5201	3380	1	20	990	317	587
1029	1	99	5672	3470	3157	1	4	277	17	124
1030	1	99	9733	7430	3686	1	1	40	0	36
1031	1	99	8669	6251	3625	1	4	444	23	140
1032	1	99	8783	7352	2904	1	1	416	0	36
1033	1	99	9167	6916	3549	1	4	354	22	203
1034	1	99	7046	4700	3831	1	5	333	18	159
1035	1	99	6821	4891	3350	1	0	0	0	0
1036	1	99	6575	4437	3193	1	4	220	7	103
1037	1	99	8491	6357	3310	1	15	731	95	391
1038	1	99	7653	6197	2924	1	6	361	8	140
1039	1	99	7673	5137	3068	1	1	18	0	12
1040	1	99	4983	3545	2221	1	0	0	0	0
1041	1	99	5932	3879	3053	1	1	24	0	13
1042	1	99	4940	3462	2208	1	12	626	107	283
1043	1	99	4997	3170	2509	1	3	185	2	95
1044	1	99	8021	6573	2791	1	13	855	185	319
1045	1	99	6601	4504	3133	1	12	1309	293	500
1046	1	99	4972	3537	2203	1	3	231	7	85
1047	1	99	7296	4962	3380	1	3	167	0	51
1048	1	99	7771	5630	3370	1	0	0	0	0
1049	1	99	7191	5662	2809	1	4	161	0	79
1050	1	99	7976	5984	3232	1	13	714	161	259
1051	1	99	6461	4272	3568	1	2	84	9	66
1052	1	99	6484	4097	3123	1	0	0	0	0
1053	1	99	9190	6886	3409	1	19	885	265	533
1054	1	99	4909	3178	2412	1	0	0	0	0
1055	1	99	5762	3802	2621	1	7	325	50	147
1056	1	99	4266	3047	2012	1	3	98	48	54
1057	1	99	7418	5272	2437	1	4	247	5	110
1058	1	99	4799	3388	1872	1	1	18	0	14
1059	1	99	7908	6457	2810	1	0	0	0	0
1060	1	99	6934	5202	2955	1	8	332	79	217
1061	1	99	8936	7340	2699	1	10	744	255	267
1062	1	99	4245	2814	1914	1	7	492	30	245
1063	1	99	7199	5593	2483	1	5	152	10	98
1064	1	99	4002	2600	1911	1	0	0	0	0
1065	1	99	5478	3503	2678	1	0	0	0	0
1066	1	99	6628	4902	2898	1	0	0	0	0
1067	1	99	7206	5016	3088	1	0	0	0	0
1068	1	99	7116	4632	3013	1	2	286	3	135
1069	1	99	4273	2654	1993	1	9	388	18	205
1070	1	99	6713	4242	3358	1	5	393	69	231
1071	1	99	7342	5877	2848	1	1	11	0	6
1072	1	99	5863	3893	2650	1	1	14	0	12
1073	1	99	8883	7529	2903	1	3	325	0	89
1074	1	99	7369	5829	2865	1	20	1651	324	649
1075	1	99	10640	9537	2861	1	2	205	4	52
1076	1	99	7769	5178	3203	1	9	835	102	381
1077	1	99	4980	3546	2213	1	1	16	0	10
1078	1	99	5046	3030	2839	1	2	191	22	87
1079	1	99	6448	4766	2826	1	3	79	5	57
1080	1	99	4975	3596	2178	1	2	42	0	32
1081	1	99	6656	4439	3051	1	2	67	9	54
1082	1	99	6288	4476	2096	1	0	0	0	0
1083	1	99	7536	5012	3405	1	4	160	35	84
1084	1	99	4171	2964	1974	1	7	199	13	100
1085	1	99	6373	4435	3169	1	10	526	46	280
1086	1	99	10621	9486	2874	1	0	0	0	0
1087	1	99	6216	4024	2636	1	1	24	0	13
1088	1	99	4957	3281	2237	1	4	105	11	56
1089	1	99	4291	3073	2003	1	3	102	5	59
1090	1	99	9219	7853	2914	1	1	24	0	7
1091	1	99	7662	5596	3346	1	5	186	14	116
1092	1	99	7665	5360	3492	1	5	183	27	99
1093	1	99	7323	5169	3234	1	21	1607	1079	529
1094	1	99	10655	9530	2883	1	4	391	123	83
1095	1	99	7488	5943	2889	1	29	2882	565	983
1096	1	99	6987	4968	2968	1	4	542	124	235
1097	1	99	7451	5165	3276	1	1	32	0	26
1098	1	99	5241	3313	2791	1	3	54	0	34
1099	1	99	8064	5642	3448	1	5	331	0	132
1100	1	99	7787	5683	3406	1	2	72	0	48
1101	1	99	4666	2738	2636	1	8	383	49	242
1102	1	99	6545	4323	2892	1	1	19	0	12
1103	1	99	4608	2934	1991	1	1	64	0	22
1104	1	99	8907	6574	3335	1	1	44	0	18
1105	1	99	4974	3539	2225	1	2	27	0	22
1106	1	99	7161	5232	3474	1	7	279	45	128
1107	1	99	7752	5691	3409	1	7	594	149	203
1108	1	99	7761	5505	3378	1	0	0	0	0
1109	1	99	9938	7981	2962	1	13	1461	742	431
1110	1	99	4440	3179	2013	1	3	129	0	80
1111	1	99	7534	5377	3355	1	2	131	0	76
1112	1	99	7789	5223	3165	1	9	312	38	186
1113	1	99	7476	5945	2902	1	4	115	3	81
1114	1	99	7147	5050	3241	1	2	34	0	28
1115	1	99	6721	4502	3019	1	2	157	3	44
1116	1	99	6800	4393	2864	1	5	431	7	131
1117	1	99	4551	2562	2662	1	5	362	61	194
1118	1	99	7764	5176	3203	1	4	338	4	184
1119	1	99	4251	2808	1953	1	2	135	0	46
1120	1	99	8167	5482	3559	1	0	0	0	0
1121	1	99	4571	2730	2559	1	18	1172	481	598
1122	1	99	8295	5974	3472	1	2	161	2	80
1123	1	99	7608	5467	2461	1	4	272	17	106
1124	1	99	6297	4420	2560	1	3	115	0	74
1125	1	99	6731	4628	3333	1	5	140	14	96
1126	1	99	8108	5460	3537	1	4	210	0	111
1127	1	99	9833	7866	2931	1	22	1987	1217	597
1128	1	99	7611	5096	3431	1	0	0	0	0
1129	1	99	4976	3533	2223	1	1	14	0	10
1130	1	99	8401	6801	2699	1	2	131	9	36
1131	1	99	7142	4634	3131	1	3	203	11	104
1132	1	99	6587	4619	2813	1	3	146	0	77
1133	1	99	6558	4453	3112	1	5	234	24	83
1134	1	99	8314	5770	3650	1	2	62	2	32
1135	1	99	5299	3490	2614	1	22	662	272	433
1136	1	99	6914	4988	3264	1	4	114	11	67
1137	1	99	5618	3780	2406	1	2	111	0	55
1138	1	99	6356	4159	2468	1	9	235	2	151
1139	1	99	5800	3827	2641	1	14	1259	285	475
1140	1	99	4940	3513	2202	1	2	125	18	53
1141	1	99	7934	5318	3521	1	0	0	0	0
1142	1	99	6178	3980	2617	1	1	64	0	23
1143	1	99	5954	4162	2500	1	2	171	0	85
1144	1	99	7195	4778	3481	1	33	2312	738	1045
1145	1	99	8365	6763	2662	1	13	1843	1426	535
1146	1	99	6448	4656	2665	1	0	0	0	0
1147	1	99	7853	5275	3403	1	4	623	113	174
1148	1	99	4335	2759	2028	1	5	257	43	135
1149	1	99	9868	7917	2961	1	11	994	311	294
1150	1	99	6226	4543	2793	1	1	26	0	22
1151	1	99	9105	7549	2806	1	6	423	111	164
1152	1	99	8213	5565	3165	1	10	1171	264	361
1153	1	99	6575	4556	3005	1	1	27	0	25
1154	1	99	9059	6534	3690	1	3	153	0	86
1155	1	99	8387	6781	2684	1	5	667	303	232
1156	1	99	4274	3068	1989	1	7	257	6	137
1157	1	99	6772	4597	3461	1	1	15	0	11
1158	1	99	7611	5212	3534	1	2	198	7	80
1159	1	99	4969	3534	2223	1	1	29	0	16
1160	1	99	7430	5225	3206	1	0	0	0	0
1161	1	99	6794	4617	3067	1	12	1232	196	462
1162	1	99	10657	9528	2881	1	0	0	0	0
1163	1	99	6305	4454	2565	1	5	272	18	140
1164	1	99	4798	3315	2170	1	5	377	19	135
1165	1	99	7666	5106	3448	1	26	1406	362	722
1166	1	99	7559	5425	2438	1	37	2595	1401	866
1167	1	99	6473	4254	3028	1	8	890	135	312
1168	1	99	4671	2699	2695	1	0	0	0	0
1169	1	99	7657	5530	3346	1	0	0	0	0
1170	1	99	6917	4791	3387	1	36	1776	712	980
1171	1	99	5248	3555	2168	1	2	139	2	75
1172	1	99	7783	5709	3414	1	0	0	0	0
1173	1	99	4837	3368	2179	1	1	26	0	16
1174	1	99	6959	4730	3580	1	4	107	12	87
1175	1	99	6829	4829	3086	1	11	1628	533	534
1176	1	99	7947	5423	3538	1	2	99	0	20
1177	1	99	6005	3977	2702	1	5	306	64	175
1178	1	99	7716	5630	3413	1	10	667	139	208
1179	1	99	6413	4531	2504	1	3	278	4	133
1180	1	99	7818	5698	3452	1	10	692	80	292
1181	1	99	6628	4639	3047	1	7	659	97	276
1182	1	99	6529	4091	3272	1	10	475	60	268
1183	1	99	6128	4276	2504	1	2	306	176	69
1184	1	99	7410	4863	3092	1	2	60	0	27
1185	1	99	4501	2615	2561	1	5	353	25	217
1186	1	99	7601	5070	3021	1	11	724	34	238
1187	1	99	7501	5954	2892	1	2	182	0	67
1188	1	99	8206	5559	3142	1	2	57	0	34
1189	1	99	8120	5469	3533	1	0	0	0	0
1190	1	99	7596	5556	3419	1	4	149	3	73
1191	1	99	7892	5393	3161	1	1	8	0	8
1192	1	99	6884	4622	3144	1	0	0	0	0
1193	1	99	7324	5809	2853	1	1	128	0	21
1194	1	99	5395	3559	2595	1	2	191	15	79
1195	1	99	7091	4554	3090	1	0	0	0	0
1196	1	99	8768	7335	2903	1	2	407	10	73
1197	1	99	6493	4659	2636	1	6	338	32	148
1198	1	99	7592	5266	3301	1	1	71	0	35
1199	1	99	6435	4718	2563	1	1	31	0	7
1200	1	99	6586	4615	3005	1	0	0	0	0
1201	1	99	7621	5376	3378	1	8	495	41	268
1202	1	99	9162	7569	2969	1	1	14	0	10
1203	1	99	6555	4363	2877	1	1	14	0	10
1204	1	99	9264	6876	3320	1	8	429	46	252
1205	1	99	6317	4431	2569	1	2	57	3	36
1206	1	99	8621	6204	3605	1	5	162	7	131
1207	1	99	5838	3719	3189	1	5	193	22	90
1208	1	99	6680	4215	3322	1	1	92	0	34
1209	1	99	4740	3076	2218	1	4	382	139	148
1210	1	99	6406	4373	2997	1	3	44	2	35
1211	1	99	6238	4414	2509	1	9	526	30	218
1212	1	99	7931	5306	3498	1	2	161	0	72
1213	1	99	7430	5907	2918	1	8	594	88	230
1214	1	99	7613	5046	3027	1	2	228	0	33
1215	1	99	7696	5160	3073	1	4	357	53	171
1216	1	99	7634	5364	3387	1	0	0	0	0
1217	1	99	4008	2594	1905	1	0	0	0	0
1218	1	99	8682	6477	3394	1	16	662	125	437
1219	1	99	7490	5693	2549	1	1	106	0	32
1220	1	99	6277	4432	2566	1	1	51	0	29
1221	1	99	7272	5031	3357	1	5	187	26	65
1222	1	99	9250	6946	3441	1	6	240	42	125
1223	1	99	7582	6131	2924	1	5	255	13	45
1224	1	99	6078	4046	3349	1	1	31	0	23
1225	1	99	6317	4438	2579	1	12	793	119	257
1226	1	99	4850	2944	2691	1	4	297	4	142
1227	1	99	7494	5951	2889	1	1	21	0	8
1228	1	99	7964	5734	3540	1	16	1366	450	497
1229	1	99	8804	6581	3402	1	2	73	0	48
1230	1	99	6508	4480	2808	1	4	315	5	114
1231	1	99	6210	4371	2578	1	1	42	0	7
1232	1	99	6661	4931	2567	1	2	65	0	28
1233	1	99	6974	4972	3237	1	0	0	0	0
1234	1	99	6607	4484	3089	1	4	239	13	111
1235	1	99	6654	4896	2964	1	6	199	0	110
1236	1	99	7213	5757	2826	1	2	71	0	35
1237	1	99	7618	5005	3128	1	2	127	18	72
1238	1	99	8147	5847	3392	1	4	202	10	130
1239	1	99	6293	4293	2928	1	1	24	0	13
1240	1	99	4762	3410	2133	1	5	347	42	128
1241	1	99	6598	4888	2912	1	2	136	32	85
1242	1	99	6154	4369	2552	1	0	0	0	0
1243	1	99	6346	4469	2588	1	1	60	0	25
1244	1	99	4234	2634	1988	1	0	0	0	0
1245	1	99	6996	4904	3197	1	1	16	0	10
1246	1	99	10593	9462	2845	1	7	449	141	140
1247	1	99	5356	3310	2998	1	8	465	88	242
1248	1	99	6428	4204	3030	1	2	129	0	55
1249	1	99	6994	5161	2319	1	6	302	31	135
1250	1	99	7509	4974	3385	1	3	396	7	122
1251	1	99	5213	3220	2835	1	5	272	9	76
1252	1	99	6309	4422	2567	1	1	16	0	14
1253	1	99	8456	6854	2702	1	26	1535	340	684
1254	1	99	5845	3883	2642	1	20	1590	368	597
1255	1	99	7612	5058	3418	1	8	385	24	216
1256	1	99	8232	5687	3614	1	1	24	0	13
1257	1	99	6280	4292	2920	1	2	74	0	49
1258	1	99	4871	2974	2753	1	0	0	0	0
1259	1	99	5121	3062	2807	1	0	0	0	0
1260	1	99	7631	5315	3484	1	22	1209	313	539
1261	1	99	7393	5140	3204	1	1	199	0	93
1262	1	99	7996	6549	2783	1	1	21	0	14
1263	1	99	10352	9248	2858	1	5	259	20	94
1264	1	99	6604	4468	3010	1	1	49	0	40
1265	1	99	6498	4218	3266	1	6	474	49	179
1266	1	99	7042	4737	3175	1	2	43	0	25
1267	1	99	6850	4990	2777	1	1	57	0	26
1268	1	99	7511	4984	3419	1	19	1482	368	492
1269	1	99	7267	5286	3352	1	5	237	13	126
1270	1	99	6519	4341	3639	1	2	99	0	59
1271	1	99	5830	3780	3129	1	2	50	2	24
1272	1	99	6899	4884	3172	1	1	28	0	19
1273	1	99	8225	5543	3201	1	0	0	0	0
1274	1	99	6301	4481	2108	1	3	431	10	86
1275	1	99	7463	5231	3431	1	1	29	0	18
1276	1	99	7311	4858	3005	1	4	281	8	124
1277	1	99	8019	6572	2794	1	6	326	0	167
1278	1	99	6995	4967	3260	1	3	110	2	63
1279	1	99	5504	3465	2766	1	2	113	6	67
1280	1	99	9844	8016	2930	1	7	659	143	229
1281	1	99	8413	6284	3229	1	4	87	0	55
1282	1	99	4223	3024	1987	1	1	23	0	11
1283	1	99	7876	5320	3515	1	4	206	9	110
1284	1	99	6696	4545	3033	1	0	0	0	0
1285	1	99	7733	5657	3393	1	0	0	0	0
1286	1	99	7416	5058	3334	1	7	544	68	335
1287	1	99	6912	4671	3033	1	0	0	0	0
1288	1	99	8133	5497	3090	1	13	664	112	274
1289	1	99	9198	7830	2922	1	16	1175	240	332
1290	1	99	6600	4891	2909	1	0	0	0	0
1291	1	99	5371	3322	2669	1	5	139	4	75
1292	1	99	7673	5148	3059	1	2	41	0	30
1293	1	99	6894	4701	3442	1	10	645	127	273
1294	1	99	7803	5815	3149	1	1	27	0	15
1295	1	99	6718	4236	3355	1	4	570	225	296
1296	1	99	6407	4209	2999	1	0	0	0	0
1297	1	99	7977	6465	2660	1	1	32	0	13
1298	1	99	6539	4320	3619	1	6	490	25	257
1299	1	99	6673	4386	3709	1	1	120	0	31
1300	1	99	7869	5685	3456	1	10	527	59	269
1301	1	99	7024	5064	3477	1	2	64	0	30
1302	1	99	6923	4538	3486	1	4	404	114	204
1303	1	99	8286	5937	3460	1	4	756	201	240
1304	1	99	8948	7353	2681	1	11	887	439	259
1305	1	99	6225	4139	3403	1	4	121	2	80
1306	1	99	6603	4487	2832	1	5	460	19	167
1307	1	99	7254	5694	2826	1	3	228	8	77
1308	1	99	5831	3785	3142	1	12	837	184	371
1309	1	99	6282	4203	3446	1	5	279	41	108
1310	1	99	6440	4668	2561	1	0	0	0	0
1311	1	99	7747	5642	3435	1	1	89	0	42
1312	1	99	4985	3552	2230	1	1	13	0	13
1313	1	99	7481	4943	3353	1	2	251	0	58
1314	1	99	4873	2826	2662	1	0	0	0	0
1315	1	99	6924	4904	3431	1	3	277	24	156
1316	1	99	7699	5626	3365	1	0	0	0	0
1317	1	99	7311	5367	3368	1	5	352	64	126
1318	1	99	6695	4706	3070	1	3	47	5	41
1319	1	99	6323	4043	3092	1	7	339	88	195
1320	1	99	6275	4018	3383	1	2	85	0	52
1321	1	99	6198	4527	2771	1	7	458	65	230
1322	1	99	7891	5734	3518	1	0	0	0	0
1323	1	99	9411	7948	2962	1	72	5119	2876	1848
1324	1	99	4508	2626	2582	1	0	0	0	0
1325	1	99	6935	5140	2856	1	3	103	0	42
1326	1	99	4257	3047	2002	1	2	274	0	81
1327	1	99	6176	4361	2560	1	2	40	0	22
1328	1	99	6050	3820	3347	1	10	546	43	208
1329	1	99	4290	3069	1990	1	3	71	0	32
1330	1	99	4788	3066	2354	1	25	1515	244	667
1331	1	99	8772	7322	2935	1	3	482	0	49
1332	1	99	7259	5744	2820	1	2	111	22	70
1333	1	99	7667	5128	3451	1	10	499	62	269
1334	1	99	6893	4708	3179	1	0	0	0	0
1335	1	99	10594	9465	2835	1	4	207	2	113
1336	1	99	7621	5477	2452	1	2	113	0	36
1337	1	99	5768	3568	3202	1	32	2252	662	1051
1338	1	99	7519	5118	2921	1	3	253	7	73
1339	1	99	7415	4858	3321	1	0	0	0	0
1340	1	99	7246	5695	2784	1	61	4940	2119	1669
1341	1	99	5852	3777	3019	1	2	42	0	21
1342	1	99	4328	2786	2027	1	18	2049	896	742
1343	1	99	5444	3414	2711	1	16	717	203	396
1344	1	99	7556	5243	3289	1	3	125	0	63
1345	1	99	6216	4407	2525	1	1	13	0	9
1346	1	99	3991	2595	1899	1	2	91	2	62
1347	1	99	7076	4691	3542	1	3	197	4	122
1348	1	99	7816	6324	2677	1	19	1761	654	593
1349	1	99	7116	5221	2936	1	12	768	104	366
1350	1	99	8618	7262	2827	1	2	51	0	24
1351	1	99	7070	5518	2934	1	1	128	0	21
1352	1	99	8422	6305	3179	1	1	111	0	12
1353	1	99	7591	5326	3415	1	15	879	129	448
1354	1	99	7041	4836	3100	1	11	550	43	257
1355	1	99	6697	4708	3072	1	35	2452	724	1150
1356	1	99	6700	4455	3660	1	4	313	10	163
1357	1	99	6622	4778	2677	1	7	561	38	217
1358	1	99	7914	5597	3311	1	21	1128	321	561
1359	1	99	6072	3819	3307	1	4	559	32	188
1360	1	99	7579	5260	3758	1	6	259	69	169
1361	1	99	6825	4780	2925	1	1	90	0	16
1362	1	99	9538	7257	3649	1	8	431	84	184
1363	1	99	7231	5778	2847	1	0	0	0	0
1364	1	99	6416	4307	3266	1	1	25	0	23
1365	1	99	6199	3918	3382	1	5	311	31	148
1366	1	99	7888	6380	2592	1	9	1021	165	384
1367	1	99	3984	2572	1895	1	2	221	5	107
1368	1	99	4216	2984	2077	1	8	734	62	310
1369	1	99	8499	6117	3513	1	1	33	0	23
1370	1	99	6822	4328	3417	1	0	0	0	0
1371	1	99	8224	5860	3449	1	0	0	0	0
1372	1	99	7979	5816	3457	1	6	330	27	173
1373	1	99	6571	4680	2668	1	24	1853	563	713
1374	1	99	8312	6699	2663	1	28	2181	1129	831
1375	1	99	8744	7358	2874	1	4	425	106	192
1376	1	99	9164	7787	2909	1	7	488	46	181
1377	1	99	4852	3463	2135	1	1	60	0	20
1378	1	99	6899	4815	2979	1	4	95	0	60
1379	1	99	7022	4494	3082	1	0	0	0	0
1380	1	99	6975	5066	3410	1	4	239	9	102
1381	1	99	4757	2715	2705	1	1	26	0	20
1382	1	99	6040	3833	3036	1	0	0	0	0
1383	1	99	4285	3065	1991	1	0	0	0	0
1384	1	99	5806	3829	2627	1	5	444	35	152
1385	1	99	8909	6568	3326	1	6	804	134	219
1386	1	99	5824	3625	2732	1	4	174	0	110
1387	1	99	6618	4356	3024	1	6	677	92	309
1388	1	99	5413	3593	2745	1	4	102	0	71
1389	1	99	3978	2577	1904	1	0	0	0	0
1390	1	99	8776	7294	2918	1	5	320	41	136
1391	1	99	9251	7794	2959	1	24	1942	414	754
1392	1	99	4282	3062	1994	1	1	31	0	7
1393	1	99	7924	6475	2795	1	1	223	0	17
1394	1	99	7096	4674	3022	1	0	0	0	0
1395	1	99	6760	4566	3071	1	9	626	198	224
1396	1	99	6741	4365	3347	1	5	115	4	77
1397	1	99	7639	5541	3384	1	1	96	0	49
1398	1	99	6778	4527	2966	1	1	24	0	13
1399	1	99	7687	5346	3511	1	6	646	59	331
1400	1	99	6623	4638	3046	1	0	0	0	0
1401	1	99	4508	2635	2534	1	28	1148	481	664
1402	1	99	6616	4224	3158	1	10	1085	137	446
1403	1	99	8232	6644	2781	1	0	0	0	0
1404	1	99	7255	5804	2852	1	5	620	192	194
1405	1	99	7094	5558	2772	1	0	0	0	0
1406	1	99	8816	7289	2936	1	0	0	0	0
1407	1	99	7536	5238	3263	1	5	255	14	135
1408	1	99	4974	3543	2222	1	1	42	0	30
1409	1	99	8566	6254	3250	1	5	573	59	143
1410	1	99	8301	5960	3437	1	1	94	0	17
1411	1	99	7868	6423	2784	1	4	352	118	127
1412	1	99	7616	5044	3436	1	2	158	3	42
1413	1	99	4305	3075	2012	1	1	24	0	13
1414	1	99	6443	4329	3023	1	7	566	52	229
1415	1	99	6601	4379	3655	1	5	550	49	257
1416	1	99	6560	4863	2903	1	1	18	0	14
1417	1	99	7655	5472	3502	1	1	90	0	38
1418	1	99	5441	3464	2889	1	4	249	48	148
1419	1	99	8243	5591	3156	1	0	0	0	0
1420	1	99	6434	4378	3031	1	15	748	274	334
1421	1	99	7754	6271	2958	1	2	206	0	102
1422	1	99	6676	4532	3179	1	0	0	0	0
1423	1	99	5509	3495	2765	1	0	0	0	0
1424	1	99	10466	9378	2849	1	0	0	0	0
1425	1	99	8467	6867	2705	1	8	624	207	227
1426	1	99	4069	2537	1926	1	2	171	0	78
1427	1	99	6958	5194	2965	1	3	212	7	95
1428	1	99	7490	5348	3361	1	10	618	65	285
1429	1	99	8263	6079	3501	1	1	32	0	26
1430	1	99	7448	5341	3535	1	2	131	11	71
1431	1	99	6614	4272	3356	1	2	161	3	70
1432	1	99	6755	4623	3210	1	1	64	0	31
1433	1	99	7257	4814	3005	1	0	0	0	0
1434	1	99	10619	9490	2869	1	4	520	38	96
1435	1	99	6686	4498	3649	1	10	839	95	280
1436	1	99	4477	3166	1919	1	0	0	0	0
1437	1	99	6930	4405	2803	1	0	0	0	0
1438	1	99	7595	5490	3359	1	4	213	6	76
1439	1	99	5281	3257	2834	1	2	82	0	55
1440	1	99	6332	4331	2938	1	2	171	0	91
1441	1	99	7707	5669	3376	1	3	73	0	45
1442	1	99	7132	4780	3122	1	0	0	0	0
1443	1	99	6301	4044	3418	1	1	54	0	42
1444	1	99	5611	3519	2932	1	0	0	0	0
1445	1	99	6317	4490	2113	1	1	76	0	48
1446	1	99	6516	4354	3238	1	6	439	28	146
1447	1	99	6737	4473	3395	1	1	133	0	66
1448	1	99	7431	5895	2861	1	0	0	0	0
1449	1	99	7815	5712	3419	1	0	0	0	0
1450	1	99	8099	6552	2728	1	1	20	0	8
1451	1	99	9213	7844	2925	1	3	46	4	31
1452	1	99	5520	3490	3030	1	5	553	134	208
1453	1	99	6391	4199	3413	1	1	20	0	14
1454	1	99	8424	6819	2698	1	15	1801	1345	610
1455	1	99	7517	5149	3361	1	1	44	0	28
1456	1	99	7015	4875	3257	1	1	94	0	25
1457	1	99	7867	6324	2700	1	5	760	121	189
1458	1	99	6559	4476	3071	1	0	0	0	0
1459	1	99	6832	4787	3162	1	4	200	24	117
1460	1	99	5823	3718	2977	1	2	186	2	80
1461	1	99	7247	4866	3150	1	4	156	12	102
1462	1	99	5094	3381	2251	1	1	47	0	18
1463	1	99	6543	4303	3032	1	2	175	0	92
1464	1	99	7033	4944	3214	1	1	311	0	108
1465	1	99	8460	6284	3292	1	0	0	0	0
1466	1	99	5261	3449	2726	1	3	268	0	152
1467	1	99	6811	4535	3233	1	1	13	0	9
1468	1	99	7775	5231	3470	1	4	256	14	118
1469	1	99	8371	6767	2683	1	13	1836	1146	650
1470	1	99	6190	4331	2495	1	4	458	78	215
1471	1	99	7144	5159	3379	1	3	79	6	57
1472	1	99	4597	2624	2604	1	1	251	0	107
1473	1	99	8078	5385	3200	1	1	7	0	7
1474	1	99	5792	3817	2624	1	3	74	3	62
1475	1	99	5072	2947	2680	1	3	167	42	81
1476	1	99	7409	5058	3046	1	2	59	15	39
1477	1	99	5733	3740	2686	1	4	220	14	134
1478	1	99	10507	9422	2854	1	2	67	14	23
1479	1	99	6895	4839	3195	1	2	168	26	65
1480	1	99	4005	2600	1908	1	0	0	0	0
1481	1	99	6991	4941	3276	1	0	0	0	0
1482	1	99	5243	3394	2879	1	7	275	41	178
1483	1	99	6425	4224	3553	1	1	95	0	25
1484	1	99	7666	5617	3410	1	2	140	41	77
1485	1	99	7014	4918	3269	1	1	66	0	55
1486	1	99	4963	3287	2240	1	1	70	0	40
1487	1	99	10440	9320	2796	1	2	106	5	24
1488	1	99	6782	4562	3127	1	1	78	0	42
1489	1	99	5782	3571	3221	1	0	0	0	0
1490	1	99	6345	4456	2590	1	1	16	0	9
1491	1	99	6344	4232	3051	1	1	98	0	32
1492	1	99	5237	3451	2565	1	1	21	0	17
1493	1	99	8021	5709	3360	1	0	0	0	0
1494	1	99	6517	4383	3013	1	0	0	0	0
1495	1	99	6285	4428	2574	1	0	0	0	0
1496	1	99	8708	6374	3250	1	2	51	0	42
1497	1	99	7039	4745	3073	1	3	173	6	92
1498	1	99	7664	5147	3059	1	1	47	0	13
1499	1	99	6182	4336	2502	1	3	49	0	40
1500	1	99	9145	7553	3005	1	1	14	0	10
1501	1	99	4927	3011	2774	1	0	0	0	0
1502	1	99	6990	4795	3628	1	10	384	75	181
1503	1	99	7722	5158	3681	1	0	0	0	0
1504	1	99	9041	7638	2930	1	6	179	26	69
1505	1	99	8812	7358	2952	1	0	0	0	0
1506	1	99	7271	4728	3301	1	1	143	0	12
1507	1	99	8994	7587	2912	1	15	1808	493	410
1508	1	99	7932	5434	3305	1	7	1053	105	290
1509	1	99	9537	7113	3367	1	3	205	17	120
1510	1	99	7463	5166	3250	1	0	0	0	0
1511	1	99	7338	5214	3331	1	2	175	0	92
1512	1	99	7196	4872	3096	1	2	139	0	58
1513	1	99	7712	5612	3585	1	2	229	0	83
1514	1	99	7632	5240	3797	1	1	80	0	59
1515	1	99	7136	5062	3235	1	5	546	169	259
1516	1	99	7702	5113	3110	1	3	239	29	136
1517	1	99	7067	4951	3224	1	4	381	8	238
1518	1	99	9246	6809	3521	1	1	40	0	34
1519	1	99	8849	7507	2892	1	5	537	186	124
1520	1	99	6939	4687	3779	1	1	66	0	51
1521	1	99	7094	5082	2988	1	0	0	0	0
1522	1	99	7693	5627	3369	1	0	0	0	0
1523	1	99	7591	5035	3415	1	5	586	53	274
1524	1	99	8749	7301	2916	1	4	388	27	115
1525	1	99	4304	3086	2012	1	0	0	0	0
1526	1	99	9144	7783	2885	1	7	419	58	162
1527	1	99	10651	9522	2881	1	3	410	22	122
1528	1	99	7495	5220	3283	1	1	22	0	17
1529	1	99	8835	7493	2894	1	5	792	78	107
1530	1	99	7280	5335	3468	1	3	192	24	83
1531	1	99	7447	5076	3341	1	1	38	0	19
1532	1	99	7023	4515	3066	1	2	190	4	90
1533	1	99	6021	3913	2752	1	4	95	10	68
1534	1	99	7314	5376	3391	1	0	0	0	0
1535	1	99	3999	2583	1909	1	1	19	0	12
1536	1	99	6827	4567	3054	1	4	97	0	45
1537	1	99	6721	4343	2609	1	1	24	0	13
1538	1	99	4609	2746	2628	1	7	297	35	180
1539	1	99	4291	3070	1995	1	1	24	0	13
1540	1	99	6444	4400	2786	1	6	355	12	137
1541	1	99	7373	5454	3461	1	1	25	0	20
1542	1	99	7154	4692	3038	1	0	0	0	0
1543	1	99	6973	4757	3528	1	3	279	25	103
1544	1	99	7610	5509	3364	1	7	525	43	179
1545	1	99	6962	5142	2306	1	8	522	41	221
1546	1	99	6850	4653	3317	1	6	512	120	191
1547	1	99	6802	4601	3120	1	5	171	12	89
1548	1	99	7413	5241	3624	1	3	186	13	110
1549	1	99	10638	9521	2877	1	6	1519	565	282
1550	1	99	6999	4798	3539	1	29	1683	671	926
1551	1	99	7646	5500	3413	1	5	147	21	65
1552	1	99	5278	3597	2169	1	2	93	0	25
1553	1	99	6655	4511	2872	1	0	0	0	0
1554	1	99	6420	4153	3487	1	16	636	100	345
1555	1	99	6466	4273	2958	1	1	14	0	10
1556	1	99	5206	3526	2137	1	0	0	0	0
1557	1	99	4979	3138	2566	1	0	0	0	0
1558	1	99	8895	6556	3321	1	1	192	0	68
1559	1	99	7652	5537	3394	1	1	46	0	35
1560	1	99	6329	4090	3582	1	4	223	37	139
1561	1	99	4976	3541	2224	1	4	85	2	37
1562	1	99	4924	3460	2194	1	7	442	18	166
1563	1	99	4959	3518	2214	1	1	92	0	51
1564	1	99	7127	4618	3364	1	4	253	54	117
1565	1	99	7564	5457	3381	1	0	0	0	0
1566	1	99	10561	9436	2848	1	5	389	44	198
1567	1	99	10409	9311	2841	1	0	0	0	0
1568	1	99	6427	4134	3009	1	1	94	0	17
1569	1	99	7618	5373	3381	1	4	310	41	155
1570	1	99	4215	3028	1987	1	0	0	0	0
1571	1	99	6320	4443	2577	1	1	33	0	23
1572	1	99	5831	3687	3214	1	5	162	22	92
1573	1	99	4019	2607	1916	1	6	267	15	142
1574	1	99	6886	4722	3219	1	9	543	88	186
1575	1	99	6831	5062	2668	1	4	588	292	296
1576	1	99	9177	7817	2910	1	2	162	0	47
1577	1	99	7189	4676	3053	1	0	0	0	0
1578	1	99	7538	5015	3248	1	1	22	0	20
1579	1	99	6574	4466	3058	1	0	0	0	0
1580	1	99	4980	3546	2227	1	4	317	44	141
1581	1	99	6644	4502	3014	1	1	14	0	10
1582	1	99	7214	4725	3542	1	1	12	0	8
1583	1	99	4288	2722	2013	1	2	73	2	44
1584	1	99	4701	3235	2111	1	0	0	0	0
1585	1	99	7722	5659	3381	1	4	209	21	123
1586	1	99	6629	4410	3010	1	19	1037	220	499
1587	1	99	6992	5412	2968	1	4	271	24	90
1588	1	99	8580	6383	3377	1	4	541	4	121
1589	1	99	7673	6174	2923	1	0	0	0	0
1590	1	99	4908	3515	2114	1	0	0	0	0
1591	1	99	8125	6154	3252	1	2	121	0	32
1592	1	99	6389	4216	3506	1	2	302	23	123
1593	1	99	9170	7623	2848	1	3	377	0	98
1594	1	99	6298	4208	3328	1	2	220	22	110
1595	1	99	3976	2564	1899	1	2	45	4	36
1596	1	99	6784	4599	3062	1	1	56	0	27
1597	1	99	7681	5540	3340	1	3	346	25	128
1598	1	99	6865	4805	3141	1	5	348	33	157
1599	1	99	7673	5141	3078	1	8	695	51	280
1600	1	99	6395	4668	2527	1	0	0	0	0
1601	1	99	10630	9501	2881	1	2	106	5	24
1602	1	99	5365	3300	2670	1	7	288	33	123
1603	1	99	7598	5275	3304	1	1	192	0	68
1604	1	99	6321	4442	2569	1	2	50	0	22
1605	1	99	7138	5061	3286	1	1	17	0	13
1606	1	99	6476	4449	3111	1	16	1393	359	531
1607	1	99	4262	3014	1962	1	1	19	0	10
1608	1	99	6942	5224	2912	1	2	31	0	20
1609	1	99	7525	5199	3303	1	0	0	0	0
1610	1	99	8135	5628	3637	1	2	95	0	33
1611	1	99	6753	4510	3399	1	2	55	0	36
1612	1	99	5095	3047	2803	1	3	537	81	90
1613	1	99	7406	5463	3535	1	0	0	0	0
1614	1	99	9931	8092	2940	1	24	2498	1691	757
1615	1	99	4721	2705	2629	1	6	229	14	135
1616	1	99	4136	2719	1887	1	1	109	0	42
1617	1	99	6610	4548	3105	1	1	33	0	23
1618	1	99	7745	5666	3391	1	0	0	0	0
1619	1	99	6384	4153	2772	1	0	0	0	0
1620	1	99	7394	5293	3462	1	1	30	0	17
1621	1	99	6159	4313	2521	1	5	425	105	135
1622	1	99	7723	5213	3478	1	2	111	11	42
1623	1	99	9153	7779	2893	1	2	188	0	83
1624	1	99	5310	3295	2657	1	2	166	0	79
1625	1	99	4979	3548	2227	1	6	165	32	101
1626	1	99	10427	9345	2835	1	2	87	0	29
1627	1	99	7967	5357	3519	1	5	201	7	105
1628	1	99	9546	7287	3611	1	5	228	13	92
1629	1	99	8639	7191	2900	1	5	533	133	135
1630	1	99	9635	7232	3521	1	6	1086	432	358
1631	1	99	7162	4949	2809	1	0	0	0	0
1632	1	99	7612	5410	2444	1	2	264	15	63
1633	1	99	6984	4752	3078	1	4	266	8	147
1634	1	99	6638	4495	3168	1	5	484	31	182
1635	1	99	6697	4619	2953	1	3	471	5	228
1636	1	99	7070	5118	3358	1	0	0	0	0
1637	1	99	7769	5669	3439	1	3	613	8	155
1638	1	99	8436	6039	3560	1	0	0	0	0
1639	1	99	8088	5596	3588	1	1	71	0	26
1640	1	99	4933	3509	2191	1	1	54	0	42
1641	1	99	5748	3826	2621	1	11	1065	184	572
1642	1	99	4806	3005	2458	1	2	235	13	74
1643	1	99	7147	4952	2888	1	0	0	0	0
1644	1	99	6654	4430	3617	1	1	16	0	14
1645	1	99	10657	9527	2886	1	0	0	0	0
1646	1	99	7464	5192	3222	1	16	1134	132	435
1647	1	99	7683	5572	3403	1	8	444	58	280
1648	1	99	6885	4958	3414	1	18	782	170	428
1649	1	99	6424	4341	3425	1	0	0	0	0
1650	1	99	8850	6591	3292	1	3	307	0	111
1651	1	99	4952	3525	2218	1	1	134	0	66
1652	1	99	6504	4684	2662	1	0	0	0	0
1653	1	99	7595	5267	3297	1	0	0	0	0
1654	1	99	7540	5294	3506	1	0	0	0	0
1655	1	99	7691	5632	3355	1	0	0	0	0
1656	1	99	7610	5098	3045	1	1	51	0	18
1657	1	99	6113	3902	2791	1	4	90	16	61
1658	1	99	7390	5031	2789	1	0	0	0	0
1659	1	99	6509	4702	2581	1	0	0	0	0
1660	1	99	6538	4813	2813	1	1	21	0	13
1661	1	99	7318	5339	3297	1	0	0	0	0
1662	1	99	7618	5286	3319	1	4	448	29	157
1663	1	99	8645	7204	2822	1	8	644	84	147
1664	1	99	4972	3534	2225	1	0	0	0	0
1665	1	99	6562	4524	2985	1	0	0	0	0
1666	1	99	7112	5599	2872	1	0	0	0	0
1667	1	99	9598	7311	3625	1	1	164	0	43
1668	1	99	7637	5242	3795	1	4	403	44	183
1669	1	99	7392	4988	3096	1	4	225	2	93
1670	1	99	7073	5006	3265	1	2	180	2	87
1671	1	99	8123	5442	3533	1	2	144	0	56
1672	1	99	4372	2994	2089	1	1	46	0	19
1673	1	99	4869	3134	2400	1	11	1123	385	377
1674	1	99	7138	4639	3570	1	2	51	4	38
1675	1	99	7422	5121	3463	1	1	17	0	8
1676	1	99	6497	4252	3153	1	1	18	0	16
1677	1	99	8689	6457	3364	1	2	64	0	21
1678	1	99	6955	4501	3332	1	1	171	0	75
1679	1	99	10896	9401	3167	1	0	0	0	0
1680	1	99	9097	7872	2936	1	1	71	0	26
1681	1	99	10615	9503	2862	1	5	681	122	223
1682	1	99	6822	4644	3167	1	1	31	0	26
1683	1	99	9203	7808	2908	1	6	609	128	147
1684	1	99	7693	5117	3070	1	1	19	0	17
1685	1	99	6757	4533	3526	1	3	333	39	153
1686	1	99	6935	4379	3021	1	2	146	4	42
1687	1	99	4248	3011	2100	1	0	0	0	0
1688	1	99	7441	5901	2884	1	9	981	258	393
1689	1	99	6256	4390	2580	1	1	13	0	6
1690	1	99	4249	3054	1984	1	6	137	7	105
1691	1	99	4618	2765	2622	1	10	749	197	383
1692	1	99	4783	2721	2713	1	0	0	0	0
1693	1	99	9000	7652	2916	1	3	666	178	111
1694	1	99	6415	4256	3071	1	3	220	4	83
1695	1	99	5852	3895	2651	1	5	227	11	115
1696	1	99	6650	4666	3059	1	19	1005	269	560
1697	1	99	7090	4955	3400	1	11	521	85	314
1698	1	99	7852	5697	3438	1	11	1093	187	420
1699	1	99	9159	7787	2896	1	13	1604	522	429
1700	1	99	7933	5893	3123	1	2	55	0	49
1701	1	99	8009	6573	2791	1	8	488	20	170
1702	1	99	9701	7407	3701	1	15	438	143	308
1703	1	99	7506	5205	3411	1	1	13	0	9
1704	1	99	9200	7833	2918	1	1	24	0	13
1705	1	99	7876	5392	3535	1	2	75	0	49
1706	1	99	7764	5665	3434	1	2	70	0	37
1707	1	99	6359	4585	2231	1	28	1301	149	547
1708	1	99	6469	4373	2973	1	3	131	0	61
1709	1	99	7223	5044	3086	1	1	282	0	63
1710	1	99	3989	2593	1899	1	2	87	0	47
1711	1	99	6101	3891	3370	1	5	1163	469	309
1712	1	99	8547	7071	2799	1	0	0	0	0
1713	1	99	7899	5735	3522	1	14	1295	394	494
1714	1	99	7330	5392	3382	1	3	105	7	67
1715	1	99	8896	7576	2900	1	1	9	0	7
1716	1	99	6411	4320	3027	1	0	0	0	0
1717	1	99	7874	5326	3511	1	1	22	0	20
1718	1	99	6940	4800	3459	1	2	55	0	20
1719	1	99	6698	4509	2978	1	1	23	0	17
1720	1	99	9931	7973	2949	1	8	1066	620	294
1721	1	99	6308	4438	2578	1	7	338	9	141
1722	1	99	7864	5706	3498	1	0	0	0	0
1723	1	99	10703	9588	2889	1	1	307	0	16
1724	1	99	4566	3184	1763	1	5	169	6	103
1725	1	99	9049	7406	2735	1	7	849	385	259
1726	1	99	6293	4327	2853	1	0	0	0	0
1727	1	99	7645	5588	3404	1	10	457	142	183
1728	1	99	7369	4959	2786	1	3	309	31	106
1729	1	99	7459	5921	2888	1	24	2160	867	824
1730	1	99	6530	4325	3076	1	1	94	0	17
1731	1	99	6274	3983	3453	1	4	191	10	128
1732	1	99	5426	3521	2670	1	6	237	46	147
1733	1	99	7095	4708	3579	1	3	120	8	95
1734	1	99	8408	6286	3180	1	1	91	0	38
1735	1	99	6632	4500	2980	1	3	86	2	56
1736	1	99	6573	4380	3089	1	1	25	0	8
1737	1	99	5326	3343	2647	1	0	0	0	0
1738	1	99	8069	5865	3581	1	1	24	0	13
1739	1	99	7149	4741	3114	1	3	217	0	101
1740	1	99	6784	4772	3146	1	2	100	0	59
1741	1	99	6687	4701	3067	1	3	177	0	115
1742	1	99	6300	4096	3356	1	2	87	0	58
1743	1	99	6878	4603	3775	1	3	193	0	113
1744	1	99	5637	3719	2733	1	4	143	15	93
1745	1	99	7707	5169	3087	1	1	25	0	16
1746	1	99	7788	6295	2950	1	0	0	0	0
1747	1	99	5846	3988	2724	1	1	404	0	70
1748	1	99	6938	4911	3198	1	10	273	29	213
1749	1	99	6595	4315	3594	1	0	0	0	0
1750	1	99	6440	4241	2949	1	2	364	18	128
1751	1	99	4290	2852	1960	1	7	421	51	162
1752	1	99	7561	5027	3379	1	5	349	4	131
1753	1	99	7154	5333	3013	1	4	248	4	172
1754	1	99	6628	4494	2844	1	4	385	20	131
1755	1	99	6610	4373	3658	1	2	145	6	85
1756	1	99	6806	4552	3741	1	5	406	98	181
1757	1	99	7494	5966	2940	1	1	28	0	5
1758	1	99	8763	7300	2914	1	7	646	101	169
1759	1	99	6573	4576	2815	1	8	699	127	296
1760	1	99	6455	4683	2561	1	4	521	11	189
1761	1	99	6804	4532	3412	1	3	378	28	177
1762	1	99	7247	4734	3035	1	1	24	0	13
1763	1	99	8117	5446	3529	1	2	165	0	51
1764	1	99	6003	4071	2771	1	6	326	14	151
1765	1	99	5707	3633	3011	1	10	361	77	198
1766	1	99	8870	7339	2909	1	17	2262	1053	573
1767	1	99	6481	4589	2547	1	0	0	0	0
1768	1	99	7958	5643	3386	1	3	268	18	120
1769	1	99	6064	3908	3301	1	1	12	0	12
1770	1	99	9899	7951	2949	1	0	0	0	0
1771	1	99	5441	3473	2871	1	0	0	0	0
1772	1	99	4928	3507	2194	1	1	194	0	65
1773	1	99	6538	4490	3048	1	0	0	0	0
1774	1	99	4927	2905	2704	1	1	10	0	6
1775	1	99	6561	4410	3161	1	2	161	0	45
1776	1	99	9069	7874	2831	1	8	806	289	207
1777	1	99	4019	2606	1916	1	1	130	0	54
1778	1	99	6907	4393	2788	1	2	45	0	11
1779	1	99	6403	4219	3411	1	0	0	0	0
1780	1	99	5850	3885	2635	1	0	0	0	0
1781	1	99	6136	3935	2945	1	0	0	0	0
1782	1	99	8895	7248	2712	1	18	2360	1760	732
1783	1	99	7258	5252	3437	1	1	11	0	11
1784	1	99	4277	3059	2008	1	1	24	0	13
1785	1	99	5014	3090	2838	1	0	0	0	0
1786	1	99	7761	5685	3399	1	1	51	0	36
1787	1	99	6648	4652	3040	1	3	835	23	154
1788	1	99	6689	4527	3094	1	23	1943	990	723
1789	1	99	7525	5809	2323	1	0	0	0	0
1790	1	99	6057	4122	2786	1	0	0	0	0
1791	1	99	7477	5140	3358	1	1	24	0	12
1792	1	99	6639	4304	3322	1	1	13	0	11
1793	1	99	6565	4826	2587	1	2	154	0	80
1794	1	99	6545	4400	3524	1	0	0	0	0
1795	1	99	7340	5746	2837	1	3	140	9	83
1796	1	99	8021	5407	3541	1	2	39	0	24
1797	1	99	8195	5538	3148	1	2	39	0	14
1798	1	99	6271	4386	2568	1	4	947	159	221
1799	1	99	7259	4905	3059	1	6	135	16	66
1800	1	99	7000	4978	3198	1	6	415	49	223
1801	1	99	6896	4867	3143	1	1	10	0	7
1802	1	99	7725	5632	3372	1	2	108	10	57
1803	1	99	7511	5296	3472	1	1	122	0	62
1804	1	99	7995	5772	3552	1	6	712	36	287
1805	1	99	6796	4771	3173	1	9	283	38	178
1806	1	99	4559	2668	2568	1	2	92	0	69
1807	1	99	6935	4819	3070	1	1	61	0	43
1808	1	99	8898	6664	3425	1	9	1149	484	414
1809	1	99	9207	7846	2919	1	1	37	0	21
1810	1	99	5829	3874	2632	1	1	24	0	13
1811	1	99	4758	2784	2634	1	0	0	0	0
1812	1	99	4962	3574	2165	1	0	0	0	0
1813	1	99	8620	7180	2917	1	0	0	0	0
1814	1	99	7695	5597	3406	1	9	571	152	222
1815	1	99	6654	4540	3116	1	1	168	0	5
1816	1	99	6887	4821	3214	1	12	694	167	382
1817	1	99	7616	5288	3315	1	1	36	0	12
1818	1	99	7435	5299	3354	1	20	972	212	516
1819	1	99	10650	9521	2876	1	6	773	209	188
1820	1	99	8153	5485	3546	1	2	26	0	18
1821	1	99	9273	7031	3522	1	12	624	179	351
1822	1	99	5083	3331	2503	1	0	0	0	0
1823	1	99	5281	3587	2160	1	3	337	29	132
1824	1	99	6755	4320	3360	1	10	545	51	210
1825	1	99	7720	5634	3407	1	3	95	0	60
1826	1	99	4003	2590	1908	1	2	85	0	54
1827	1	99	8108	5425	3533	1	4	90	0	59
1828	1	99	7243	5186	3377	1	5	285	24	161
1829	1	99	7100	4755	3087	1	1	67	0	47
1830	1	99	7903	5422	3168	1	3	128	4	70
1831	1	99	7261	5810	2859	1	0	0	0	0
1832	1	99	8678	7281	2857	1	6	373	35	145
1833	1	99	6528	4429	2881	1	2	27	0	17
1834	1	99	6769	4202	3188	1	0	0	0	0
1835	1	99	7144	4663	3016	1	3	415	57	176
1836	1	99	8430	6825	2690	1	16	2028	1182	702
1837	1	99	4674	2891	2634	1	1	107	0	56
1838	1	99	7973	5333	3346	1	1	22	0	20
1839	1	99	6333	4469	2577	1	7	546	34	237
1840	1	99	7494	5977	2886	1	1	11	0	9
1841	1	99	7003	4904	3252	1	2	174	4	73
1842	1	99	7090	5197	3452	1	0	0	0	0
1843	1	99	6742	4559	3022	1	2	342	22	80
1844	1	99	6447	4368	2981	1	0	0	0	0
1845	1	99	5299	3372	2813	1	4	304	47	157
1846	1	99	6368	4106	3088	1	1	24	0	13
1847	1	99	10651	9526	2882	1	3	244	30	113
1848	1	99	5274	3586	2164	1	2	160	9	49
1849	1	99	8155	5852	3395	1	3	212	28	118
1850	1	99	6312	4451	2568	1	1	19	0	12
1851	1	99	8911	6673	3443	1	1	174	0	114
1852	1	99	8753	7405	2874	1	2	81	0	50
1853	1	99	7479	5002	3458	1	1	110	0	23
1854	1	99	7452	5929	2913	1	0	0	0	0
1855	1	99	6997	4817	3609	1	1	23	0	17
1856	1	99	5092	3173	2711	1	4	234	7	126
1857	1	99	8666	7313	2835	1	9	594	177	241
1858	1	99	6906	5053	2696	1	1	24	0	13
1859	1	99	7774	5416	3581	1	2	155	0	52
1860	1	99	7443	5169	3262	1	34	2193	628	1017
1861	1	99	7615	5105	3046	1	0	0	0	0
1862	1	99	4714	2732	2647	1	0	0	0	0
1863	1	99	7477	5932	2885	1	12	694	176	340
1864	1	99	7610	5116	3411	1	12	496	55	225
1865	1	99	7289	4957	3549	1	9	524	111	332
1866	1	99	6987	4764	3525	1	1	43	0	25
1867	1	99	10551	9451	2851	1	0	0	0	0
1868	1	99	6052	3914	2869	1	7	1167	158	425
1869	1	99	7998	5349	3454	1	0	0	0	0
1870	1	99	7017	5101	3484	1	8	709	87	285
1871	1	99	7639	5381	3389	1	1	78	0	47
1872	1	99	10563	9436	2863	1	0	0	0	0
1873	1	99	10536	9426	2863	1	21	2137	743	557
1874	1	99	4734	2744	2741	1	4	487	119	111
1875	1	99	7840	5757	3430	1	0	0	0	0
1876	1	99	6671	4917	2585	1	4	424	62	124
1877	1	99	6435	4254	3585	1	0	0	0	0
1878	1	99	7634	5055	3455	1	7	657	126	194
1879	1	99	6971	4535	2917	1	2	38	0	23
1880	1	99	9493	8030	2964	1	3	221	0	77
1881	1	99	7444	5895	2872	1	9	535	109	225
1882	1	99	7460	5917	2881	1	2	50	0	33
1883	1	99	8235	5533	3219	1	2	70	0	37
1884	1	99	7677	5090	3196	1	1	643	0	69
1885	1	99	5947	3786	3387	1	4	246	17	160
1886	1	99	7328	5067	3281	1	5	238	9	132
1887	1	99	8313	5764	3655	1	2	39	0	36
1888	1	99	4869	3455	2201	1	3	112	11	68
1889	1	99	7140	5063	3239	1	1	20	0	8
1890	1	99	6864	4619	3157	1	0	0	0	0
1891	1	99	10469	9357	2814	1	13	1074	190	312
1892	1	99	8059	5856	3573	1	2	204	10	84
1893	1	99	10451	9329	2866	1	5	589	260	131
1894	1	99	7248	4840	3087	1	1	22	0	20
1895	1	99	6343	4466	2589	1	0	0	0	0
1896	1	99	5821	3776	2651	1	3	219	12	133
1897	1	99	7403	4956	3183	1	2	202	17	118
1898	1	99	6787	5026	2649	1	12	1311	285	450
1899	1	99	8856	7512	2879	1	2	138	0	55
1900	1	99	9036	7485	2918	1	2	59	6	37
1901	1	99	7723	5182	3139	1	0	0	0	0
1902	1	99	7913	6406	2610	1	0	0	0	0
1903	1	99	4638	2619	2683	1	0	0	0	0
1904	1	99	7412	5468	3543	1	3	341	9	180
1905	1	99	6809	4862	3435	1	13	782	106	422
1906	1	99	4762	2748	2610	1	0	0	0	0
1907	1	99	7403	5819	2848	1	2	84	0	41
1908	1	99	6873	4665	3221	1	5	216	24	127
1909	1	99	7754	5620	3483	1	1	143	0	12
1910	1	99	7500	5962	2913	1	1	24	0	13
1911	1	99	4711	3269	2162	1	1	32	0	27
1912	1	99	6453	4387	3064	1	1	23	0	12
1913	1	99	7515	5278	3345	1	10	369	91	199
1914	1	99	4973	3529	2222	1	9	531	24	238
1915	1	99	8079	5430	3112	1	2	41	0	22
1916	1	99	7453	5949	2905	1	8	668	150	331
1917	1	99	9339	7082	3586	1	2	104	7	63
1918	1	99	6356	4243	3111	1	2	34	2	28
1919	1	99	7621	5376	3380	1	3	250	19	72
1920	1	99	6411	4601	2551	1	1	48	0	9
1921	1	99	9175	7811	2910	1	1	62	0	40
1922	1	99	8700	7287	2853	1	4	441	112	76
1923	1	99	5983	4084	2437	1	0	0	0	0
1924	1	99	8077	6613	2829	1	8	884	117	259
1925	1	99	10696	9580	2884	1	2	214	0	68
1926	1	99	7294	5728	2785	1	3	339	21	121
1927	1	99	4273	3050	1991	1	3	98	0	61
1928	1	99	6294	4593	2803	1	0	0	0	0
1929	1	99	7698	5163	3086	1	0	0	0	0
1930	1	99	6710	4245	3331	1	2	267	11	94
1931	1	99	7637	5006	3025	1	1	24	0	13
1932	1	99	9745	7454	3670	1	1	20	0	17
1933	1	99	6614	4763	2708	1	0	0	0	0
1934	1	99	8755	6251	3541	1	12	1314	215	382
1935	1	99	9459	8073	2983	1	53	4451	2619	1450
1936	1	99	6727	4658	3135	1	2	100	0	74
1937	1	99	7586	5472	2434	1	10	807	288	228
1938	1	99	4976	3252	2451	1	2	63	0	39
1939	1	99	6190	3959	3350	1	6	1012	140	365
1940	1	99	7312	5258	3392	1	2	316	25	135
1941	1	99	9209	7846	2923	1	1	31	0	7
1942	1	99	8341	5780	3667	1	4	269	24	79
1943	1	99	6200	4015	3391	1	0	0	0	0
1944	1	99	8337	6212	3222	1	2	93	0	67
1945	1	99	4179	2969	1966	1	1	36	0	19
1946	1	99	7463	4929	3401	1	1	143	0	12
1947	1	99	7367	5802	2842	1	2	92	0	45
1948	1	99	6782	4614	3144	1	3	265	0	42
1949	1	99	8329	5547	3384	1	3	223	19	124
1950	1	99	7613	5081	3413	1	3	170	4	114
1951	1	99	5522	3404	3069	1	0	0	0	0
1952	1	99	5440	3398	2697	1	1	24	0	13
1953	1	99	8820	7436	2913	1	8	1075	190	310
1954	1	99	7727	5645	3473	1	3	80	0	46
1955	1	99	8322	5920	3512	1	4	184	14	70
1956	1	99	4752	2771	2657	1	8	451	27	267
1957	1	99	4567	2695	2203	1	2	53	0	35
1958	1	99	7799	5680	3438	1	2	311	4	136
1959	1	99	4974	3538	2231	1	2	28	4	23
1960	1	99	10534	9406	2882	1	1	138	0	29
1961	1	99	4893	3079	2475	1	2	35	0	24
1962	1	99	6342	4468	2589	1	3	128	8	35
1963	1	99	7352	5201	3461	1	10	578	105	274
1964	1	99	4692	2748	2099	1	2	46	0	33
1965	1	99	8006	6554	2823	1	3	54	0	37
1966	1	99	8870	7274	2678	1	20	1641	669	475
1967	1	99	4856	3410	2216	1	0	0	0	0
1968	1	99	9478	7992	2968	1	3	129	5	46
1969	1	99	7356	5103	3636	1	2	95	0	45
1970	1	99	7105	4786	3139	1	2	117	4	41
1971	1	99	9901	7966	2943	1	2	157	0	37
1972	1	99	8595	6421	3251	1	10	1113	395	480
1973	1	99	8405	6800	2682	1	8	584	115	239
1974	1	99	8188	6029	3159	1	0	0	0	0
1975	1	99	5832	3917	2807	1	0	0	0	0
1976	1	99	8305	5762	3644	1	1	21	0	17
1977	1	99	9030	6747	3422	1	1	27	0	17
1978	1	99	6628	4491	3027	1	3	162	3	65
1979	1	99	7745	5687	3397	1	0	0	0	0
1980	1	99	4032	2847	1875	1	0	0	0	0
1981	1	99	8167	6696	2713	1	0	0	0	0
1982	1	99	7229	4686	3027	1	6	267	10	184
1983	1	99	5332	3339	2656	1	0	0	0	0
1984	1	99	6991	4992	3466	1	3	278	0	129
1985	1	99	5229	3150	2928	1	3	150	17	71
1986	1	99	7393	5413	3431	1	1	45	0	18
1987	1	99	7391	5812	2835	1	1	143	0	12
1988	1	99	7513	5435	3276	1	8	356	24	194
1989	1	99	7608	5539	3424	1	0	0	0	0
1990	1	99	7917	6278	2696	1	5	442	75	155
1991	1	99	7053	4872	3651	1	3	176	0	90
1992	1	99	5723	3831	2730	1	2	105	6	67
1993	1	99	6709	5009	2828	1	0	0	0	0
1994	1	99	6579	4436	3435	1	0	0	0	0
1995	1	99	4669	2869	2595	1	8	558	106	253
1996	1	99	6455	4314	2890	1	6	272	16	168
1997	1	99	6760	4616	3005	1	5	139	9	76
1998	1	99	6448	4380	2969	1	8	1016	349	280
1999	1	99	9178	6924	3477	1	1	61	0	36
2000	1	99	6308	4430	2576	1	1	87	0	20
2001	1	99	7610	5286	3313	1	2	47	0	16
2002	1	99	7770	6259	2619	1	1	23	0	12
2003	1	99	7869	5665	3537	1	1	24	0	13
2004	1	99	7937	5335	3513	1	2	140	41	77
2005	1	99	7687	5140	3127	1	0	0	0	0
2006	1	99	6751	4578	3049	1	2	25	0	19
2007	1	99	6649	4413	3691	1	0	0	0	0
2008	1	99	6393	4198	2999	1	2	176	0	56
2009	1	99	7421	5156	3319	1	0	0	0	0
2010	1	99	6953	4758	3525	1	3	222	10	90
2011	1	99	4449	3144	1907	1	0	0	0	0
2012	1	99	8487	6377	3279	1	0	0	0	0
2013	1	99	6678	4223	3300	1	1	28	0	20
2014	1	99	9985	8028	2976	1	1	28	0	16
2015	1	99	5995	3858	2717	1	3	119	6	66
2016	1	99	7685	5538	3364	1	2	229	6	98
2017	1	99	7946	5411	3190	1	2	116	2	75
2018	1	99	6681	4697	3062	1	0	0	0	0
2019	1	99	8010	6514	2832	1	0	0	0	0
2020	1	99	7755	5613	3496	1	3	245	33	111
2021	1	99	7695	5309	3695	1	1	132	0	44
2022	1	99	8234	5551	3223	1	7	618	125	274
2023	1	99	5578	3675	2713	1	33	1699	638	936
2024	1	99	7294	5724	2521	1	5	416	14	142
2025	1	99	7349	4969	3620	1	1	238	0	56
2026	1	99	6563	4365	3566	1	0	0	0	0
2027	1	99	4778	2702	2683	1	5	312	31	158
2028	1	99	8778	7389	2880	1	2	331	0	44
2029	1	99	5223	3399	2509	1	0	0	0	0
2030	1	99	6283	4457	2108	1	23	1602	279	640
2031	1	99	4891	2888	2717	1	1	46	0	35
2032	1	99	7270	5323	3364	1	7	406	45	194
2033	1	99	5913	3820	3184	1	2	343	18	171
2034	1	99	6664	4551	3161	1	2	137	11	57
2035	1	99	3994	2589	1894	1	1	10	0	10
2036	1	99	6520	4434	2955	1	2	131	0	76
2037	1	99	9923	7967	2977	1	24	3611	2476	1023
2038	1	99	8722	7332	2874	1	1	24	0	13
2039	1	99	4007	2595	1909	1	2	44	2	34
2040	1	99	10580	9472	2844	1	7	757	256	222
2041	1	99	9058	7681	2910	1	5	466	43	133
2042	1	99	3988	2591	1903	1	0	0	0	0
2043	1	99	8045	6492	2862	1	2	140	2	57
2044	1	99	7885	5890	3152	1	2	43	8	24
2045	1	99	6952	5130	2299	1	5	199	25	139
2046	1	99	4888	3146	2397	1	4	283	31	161
2047	1	99	4936	3507	2208	1	2	64	2	42
2048	1	99	8494	6356	3302	1	4	367	12	114
2049	1	99	6062	4010	3171	1	1	410	0	171
2050	1	99	8139	5499	3130	1	1	8	0	8
2051	1	99	9116	7733	2906	1	4	507	103	177
2052	1	99	4843	3364	2186	1	0	0	0	0
2053	1	99	8786	7331	2943	1	4	188	5	51
2054	1	99	6724	4619	3109	1	0	0	0	0
2055	1	99	7683	5591	3371	1	5	438	56	127
2056	1	99	6746	4595	3028	1	2	109	0	42
2057	1	99	9979	8146	2962	1	0	0	0	0
2058	1	99	6693	4706	3071	1	0	0	0	0
2059	1	99	7588	5515	3386	1	2	307	5	103
2060	1	99	9919	8082	2946	1	20	1984	1073	610
2061	1	99	6386	4184	2988	1	0	0	0	0
2062	1	99	7697	5168	3066	1	3	240	0	78
2063	1	99	7102	4581	3352	1	0	0	0	0
2064	1	99	6878	4950	3371	1	0	0	0	0
2065	1	99	7396	5190	3204	1	3	105	19	48
2066	1	99	6791	4523	3085	1	1	117	0	42
2067	1	99	6675	4377	3234	1	3	392	0	190
2068	1	99	7377	4870	3299	1	1	22	0	20
2069	1	99	8417	6944	2834	1	0	0	0	0
2070	1	99	5664	3735	2567	1	2	157	3	54
2071	1	99	5654	3675	2625	1	1	71	0	35
2072	1	99	8551	6311	3307	1	0	0	0	0
2073	1	99	8222	5531	3210	1	3	98	0	72
2074	1	99	6818	4717	3146	1	2	36	2	32
2075	1	99	7830	5688	3501	1	2	245	29	119
2076	1	99	6978	4669	3189	1	2	66	0	32
2077	1	99	6264	4433	2108	1	1	31	0	7
2078	1	99	8820	6600	3418	1	1	74	0	43
2079	1	99	7906	5844	3142	1	2	78	3	51
2080	1	99	7948	6509	2840	1	4	247	26	59
2081	1	99	7571	5281	2436	1	0	0	0	0
2082	1	99	6594	4540	3310	1	1	11	0	9
2083	1	99	6458	4243	3607	1	2	64	4	46
2084	1	99	6428	4690	2561	1	0	0	0	0
2085	1	99	6607	4456	3110	1	1	126	0	44
2086	1	99	6859	4740	2856	1	0	0	0	0
2087	1	99	7253	4730	3402	1	0	0	0	0
2088	1	99	4772	3264	2156	1	0	0	0	0
2089	1	99	7337	5844	2869	1	3	129	2	54
2090	1	99	6022	3972	3112	1	1	10	0	10
2091	1	99	6332	4639	2493	1	4	86	10	35
2092	1	99	7534	5373	2437	1	1	30	0	12
2093	1	99	4832	2956	2576	1	1	6	0	6
2094	1	99	4674	3262	2154	1	2	75	0	48
2095	1	99	7668	5559	3572	1	4	316	11	154
2096	1	99	7514	5997	2896	1	7	379	50	178
2097	1	99	9219	7858	2912	1	6	529	4	96
2098	1	99	5502	3469	2826	1	6	412	41	210
2099	1	99	9810	7959	2904	1	19	2204	1287	696
2100	1	99	6880	4745	3528	1	1	15	0	15
2101	1	99	6810	4786	3216	1	3	118	6	69
2102	1	99	6630	4389	3065	1	2	95	0	65
2103	1	99	8041	5709	3374	1	0	0	0	0
2104	1	99	8823	7367	2963	1	2	35	3	16
2105	1	99	6553	4382	3643	1	3	136	22	63
2106	1	99	4865	2801	2690	1	5	348	69	102
2107	1	99	5659	3654	2997	1	0	0	0	0
2108	1	99	8544	7280	2890	1	6	417	67	204
2109	1	99	7229	5778	2830	1	0	0	0	0
2110	1	99	7546	6020	2934	1	1	22	0	20
2111	1	99	7688	5160	3067	1	2	54	0	18
2112	1	99	7707	5173	3081	1	0	0	0	0
2113	1	99	6674	4908	2583	1	1	142	0	55
2114	1	99	7483	5007	3592	1	0	0	0	0
2115	1	99	7343	5707	2803	1	1	22	0	20
2116	1	99	7737	5634	3417	1	18	1168	286	360
2117	1	99	7065	4596	3502	1	1	44	0	34
2118	1	99	6431	4317	3091	1	3	87	7	65
2119	1	99	4822	3079	2389	1	2	311	0	64
2120	1	99	6241	4056	3403	1	2	49	0	37
2121	1	99	4298	2722	2016	1	1	77	0	26
2122	1	99	7999	5936	3184	1	0	0	0	0
2123	1	99	9262	7963	3026	1	7	376	18	126
2124	1	99	6466	4397	2934	1	9	432	42	271
2125	1	99	7513	5052	3432	1	1	155	0	34
2126	1	99	7199	4675	3386	1	1	16	0	12
2127	1	99	6266	4602	2504	1	0	0	0	0
2128	1	99	7422	5369	3243	1	2	105	0	44
2129	1	99	4985	3542	2214	1	2	351	21	124
2130	1	99	6984	5154	2310	1	3	85	11	68
2131	1	99	6759	4591	3059	1	3	278	22	166
2132	1	99	7958	5460	3524	1	1	13	0	4
2133	1	99	7903	5620	3568	1	6	726	182	293
2134	1	99	4917	3216	2433	1	0	0	0	0
2135	1	99	6329	4126	3437	1	0	0	0	0
2136	1	99	6753	4798	2842	1	1	30	0	20
2137	1	99	7061	4841	3576	1	3	84	0	43
2138	1	99	7593	5450	2446	1	10	720	378	236
2139	1	99	6593	4491	3001	1	4	252	15	142
2140	1	99	7127	5048	3223	1	1	11	0	8
2141	1	99	9124	7763	2906	1	2	293	0	74
2142	1	99	10667	9547	2882	1	1	62	0	23
2143	1	99	6540	4386	3445	1	7	272	15	147
2144	1	99	7633	5245	3796	1	2	31	0	27
2145	1	99	9980	8020	2974	1	6	395	39	103
2146	1	99	5752	3518	3149	1	19	1406	358	622
2147	1	99	7204	4647	3138	1	3	215	0	81
2148	1	99	6318	4491	2116	1	21	1476	157	528
2149	1	99	6600	4555	3079	1	4	61	0	50
2150	1	99	6411	4515	3017	1	2	211	50	81
2151	1	99	7174	4889	3181	1	2	141	0	30
2152	1	99	4913	3464	2183	1	0	0	0	0
2153	1	99	6424	4311	2991	1	0	0	0	0
2154	1	99	6500	4281	3043	1	1	88	0	68
2155	1	99	7681	5600	3420	1	0	0	0	0
2156	1	99	8172	5494	3566	1	5	220	7	65
2157	1	99	8743	7435	2869	1	1	54	0	21
2158	1	99	7586	5192	3783	1	3	132	3	51
2159	1	99	7039	4808	2795	1	0	0	0	0
2160	1	99	4983	3548	2228	1	4	84	4	64
2161	1	99	7694	5160	3074	1	0	0	0	0
2162	1	99	5797	3608	3223	1	4	68	7	56
2163	1	99	4187	2989	2000	1	0	0	0	0
2164	1	99	6153	4123	2881	1	8	391	83	163
2165	1	99	7315	5356	3394	1	1	24	0	13
2166	1	99	6347	4473	2590	1	1	30	0	18
2167	1	99	7882	5394	3538	1	31	3201	1154	1128
2168	1	99	9476	7951	3007	1	4	587	2	87
2169	1	99	7254	5123	3362	1	1	45	0	18
2170	1	99	6500	4698	2575	1	1	405	0	67
2171	1	99	10609	9486	2866	1	10	853	303	249
2172	1	99	6998	4448	3047	1	3	82	0	65
2173	1	99	6701	4710	3074	1	11	777	249	336
2174	1	99	7638	5078	3456	1	0	0	0	0
2175	1	99	4561	3090	1925	1	3	98	14	36
2176	1	99	9920	8086	2947	1	1	110	0	23
2177	1	99	5755	3876	2787	1	4	85	11	51
2178	1	99	4304	2865	1963	1	0	0	0	0
2179	1	99	7093	4556	3434	1	0	0	0	0
2180	1	99	7182	4951	2823	1	4	421	94	193
2181	1	99	4699	3103	2094	1	0	0	0	0
2182	1	99	6969	4895	3183	1	6	400	79	221
2183	1	99	7178	4838	2849	1	5	168	2	99
2184	1	99	8978	7631	2820	1	0	0	0	0
2185	1	99	8856	7456	2937	1	28	2422	857	791
2186	1	99	4722	2743	2619	1	3	129	2	62
2187	1	99	7800	5650	3477	1	4	124	16	67
2188	1	99	8490	6096	3577	1	2	243	9	131
2189	1	99	6043	4128	2905	1	2	157	3	79
2190	1	99	6641	4963	2553	1	2	182	0	59
2191	1	99	7805	5652	3587	1	3	103	0	26
2192	1	99	7611	5077	3291	1	4	103	0	68
2193	1	99	9003	6477	3655	1	5	440	28	182
2194	1	99	5601	3534	3101	1	6	199	22	130
2195	1	99	4252	3030	1994	1	0	0	0	0
2196	1	99	6972	4763	3530	1	6	286	18	159
2197	1	99	10488	9363	2854	1	11	803	83	275
2198	1	99	7600	5191	3479	1	1	24	0	13
2199	1	99	7176	4870	3169	1	3	451	6	160
2200	1	99	6996	4897	3184	1	0	0	0	0
2201	1	99	7829	5705	3457	1	2	84	0	62
2202	1	99	7156	5071	3129	1	5	281	19	142
2203	1	99	6573	4437	3005	1	2	78	0	40
2204	1	99	5952	3831	2787	1	2	150	2	65
2205	1	99	6707	4369	2852	1	2	85	0	42
2206	1	99	6231	4205	2789	1	0	0	0	0
2207	1	99	9210	7843	2922	1	6	562	117	112
2208	1	99	7174	4619	3138	1	0	0	0	0
2209	1	99	9184	7835	2889	1	3	175	13	80
2210	1	99	7718	6231	2957	1	11	860	242	364
2211	1	99	8197	6624	2669	1	8	719	185	207
2212	1	99	7575	5230	3294	1	2	63	0	33
2213	1	99	7724	5367	3560	1	5	315	24	167
2214	1	99	7334	5672	2851	1	14	883	217	353
2215	1	99	8013	5953	3181	1	0	0	0	0
2216	1	99	6966	5038	3403	1	4	210	14	139
2217	1	99	7906	6314	2693	1	3	105	5	37
2218	1	99	7251	5795	2851	1	0	0	0	0
2219	1	99	7423	4968	3365	1	2	223	0	20
2220	1	99	5913	3809	3053	1	1	30	0	24
2221	1	99	6281	4459	2096	1	0	0	0	0
2222	1	99	7490	5388	3091	1	2	89	0	64
2223	1	99	4963	3491	2231	1	9	336	28	182
2224	1	99	7926	5539	3772	1	3	248	9	126
2225	1	99	6983	5052	3474	1	2	52	0	36
2226	1	99	5407	3219	3158	1	9	851	191	405
2227	1	99	4918	3526	2117	1	4	166	0	68
2228	1	99	7737	5633	3416	1	0	0	0	0
2229	1	99	7684	5156	3067	1	1	61	0	38
2230	1	99	10467	9354	2841	1	1	127	0	32
2231	1	99	9211	7850	2923	1	13	1346	561	437
2232	1	99	6693	4702	3073	1	3	117	10	56
2233	1	99	6111	4235	3070	1	4	247	11	91
2234	1	99	6689	4714	3068	1	5	577	91	180
2235	1	99	6871	4701	3160	1	1	40	0	13
2236	1	99	5338	3364	2658	1	3	105	0	59
2237	1	99	4724	2928	2593	1	3	51	8	35
2238	1	99	7714	5096	3191	1	0	0	0	0
2239	1	99	6259	3957	2359	1	0	0	0	0
2240	1	99	8256	5601	3170	1	5	210	37	99
2241	1	99	10685	9494	2908	1	0	0	0	0
2242	1	99	8181	6583	2662	1	12	1653	1050	488
2243	1	99	7641	5367	3336	1	5	283	22	145
2244	1	99	6446	4249	3545	1	0	0	0	0
2245	1	99	4283	3066	2003	1	0	0	0	0
2246	1	99	6250	4149	2919	1	13	802	229	430
2247	1	99	6829	4446	3211	1	7	747	99	304
2248	1	99	8233	6672	2801	1	11	1420	482	415
2249	1	99	4503	2996	1903	1	1	44	0	16
2250	1	99	6959	4918	3174	1	7	489	89	265
2251	1	99	7976	5327	3533	1	2	243	8	73
2252	1	99	6670	4661	2926	1	0	0	0	0
2253	1	99	7403	5770	2484	1	1	232	0	80
2254	1	99	5706	3515	3180	1	2	70	0	48
2255	1	99	10725	9608	2891	1	3	252	22	80
2256	1	99	7144	4783	3122	1	0	0	0	0
2257	1	99	4954	3289	2232	1	0	0	0	0
2258	1	99	7370	4941	3015	1	0	0	0	0
2259	1	99	6611	4421	3665	1	1	124	0	49
2260	1	99	7361	5227	3346	1	3	175	6	55
2261	1	99	6546	4707	2660	1	6	280	0	109
2262	1	99	7875	5706	3530	1	74	6202	3371	2540
2263	1	99	5969	3732	3294	1	2	172	15	93
2264	1	99	6693	4461	3067	1	0	0	0	0
2265	1	99	10636	9535	2864	1	0	0	0	0
2266	1	99	7880	6456	2681	1	0	0	0	0
2267	1	99	6989	4660	3789	1	3	231	6	100
2268	1	99	6148	4038	2821	1	10	499	67	281
2269	1	99	7548	5216	3281	1	5	244	37	115
2270	1	99	9960	8129	2957	1	15	1266	267	365
2271	1	99	7853	5536	3596	1	5	552	114	267
2272	1	99	6575	4385	3650	1	7	661	124	346
2273	1	99	4902	3207	2425	1	10	455	111	242
2274	1	99	6348	4283	2830	1	0	0	0	0
2275	1	99	7128	4664	3352	1	3	123	0	91
2276	1	99	4809	2919	2771	1	1	26	0	19
2277	1	99	6970	5153	2309	1	15	865	158	438
2278	1	99	7936	6539	2812	1	4	333	77	46
2279	1	99	6793	4553	3105	1	0	0	0	0
2280	1	99	4982	3538	2215	1	3	230	48	105
2281	1	99	7591	5265	3303	1	2	119	14	46
2282	1	99	6323	4255	2814	1	0	0	0	0
2283	1	99	7060	5449	2974	1	6	311	29	195
2284	1	99	6614	4505	3075	1	4	454	48	181
2285	1	99	5852	3879	2639	1	11	384	27	257
2286	1	99	7489	5333	3477	1	12	1018	272	447
2287	1	99	8659	6217	3617	1	4	282	40	178
2288	1	99	8885	6528	3332	1	12	1173	343	482
2289	1	99	7594	5461	2449	1	10	708	155	213
2290	1	99	6907	4883	3140	1	4	294	0	103
2291	1	99	4710	3194	2062	1	2	74	0	40
2292	1	99	7592	5268	3305	1	6	296	53	136
2293	1	99	6761	4595	3063	1	4	233	9	70
2294	1	99	5352	3380	2661	1	4	272	25	109
2295	1	99	7131	4743	3732	1	1	451	0	129
2296	1	99	7607	5056	3408	1	2	297	16	98
2297	1	99	4251	3011	1984	1	5	289	71	119
2298	1	99	4613	2722	2610	1	1	24	0	13
2299	1	99	6313	4491	2107	1	0	0	0	0
2300	1	99	8866	7227	2717	1	4	288	23	107
2301	1	99	4525	2647	2547	1	6	171	26	100
2302	1	99	6710	4336	2811	1	1	24	0	13
2303	1	99	7467	5904	2870	1	7	725	221	308
2304	1	99	4598	3118	1939	1	0	0	0	0
2305	1	99	6969	4774	3514	1	0	0	0	0
2306	1	99	6927	5028	3409	1	2	20	0	17
2307	1	99	7294	5777	2826	1	3	88	0	51
2308	1	99	4970	3534	2230	1	2	155	16	80
2309	1	99	8947	7566	2876	1	24	2638	1096	707
2310	1	99	6293	4254	2815	1	4	399	34	189
2311	1	99	6700	4711	3074	1	10	753	307	335
2312	1	99	7186	5575	2817	1	2	91	41	34
2313	1	99	6633	4605	2813	1	0	0	0	0
2314	1	99	7732	5611	3484	1	1	59	0	30
2315	1	99	6297	4221	2998	1	1	13	0	9
2316	1	99	5617	3722	2738	1	2	198	0	118
2317	1	99	6683	4547	2932	1	3	110	5	51
2318	1	99	6287	4417	2591	1	1	24	0	13
2319	1	99	10654	9527	2882	1	7	1089	72	280
2320	1	99	8653	7180	2873	1	2	258	0	97
2321	1	99	7072	4840	3202	1	0	0	0	0
2322	1	99	6979	5143	2314	1	4	350	91	161
2323	1	99	7503	4878	3160	1	0	0	0	0
2324	1	99	7560	5169	3746	1	1	10	0	8
2325	1	99	10690	9590	2883	1	0	0	0	0
2326	1	99	5650	3761	2743	1	5	120	0	56
2327	1	99	8187	5530	3137	1	12	1025	237	482
2328	1	99	7763	5545	3445	1	1	128	0	22
2329	1	99	8291	5744	3653	1	2	99	0	41
2330	1	99	7094	4656	3530	1	0	0	0	0
2331	1	99	6694	4495	3714	1	1	50	0	31
2332	1	99	7830	5748	3420	1	4	217	17	114
2333	1	99	8809	6451	3317	1	6	745	224	290
2334	1	99	4211	3007	1963	1	4	217	8	109
2335	1	99	10673	9538	2875	1	2	97	0	23
2336	1	99	6559	4446	3149	1	1	22	0	20
2337	1	99	8201	5881	3417	1	4	188	9	120
2338	1	99	4906	2915	2647	1	3	334	26	78
2339	1	99	6873	4679	3115	1	7	392	64	259
2340	1	99	8227	5537	3212	1	5	325	23	148
2341	1	99	7343	5253	3514	1	0	0	0	0
2342	1	99	8502	7106	2791	1	0	0	0	0
2343	1	99	7058	4988	3223	1	6	435	86	191
2344	1	99	7505	5990	2897	1	1	24	0	12
2345	1	99	6767	4515	2979	1	5	195	8	98
2346	1	99	8242	5884	3429	1	3	58	0	42
2347	1	99	5569	3481	3076	1	0	0	0	0
2348	1	99	7002	4808	3598	1	2	185	0	20
2349	1	99	7958	5761	3562	1	1	96	0	55
2350	1	99	10577	9466	2852	1	4	422	20	134
2351	1	99	6663	4953	2955	1	8	318	57	183
2352	1	99	5700	3716	2713	1	0	0	0	0
2353	1	99	7670	5544	3355	1	0	0	0	0
2354	1	99	7415	5010	3106	1	0	0	0	0
2355	1	99	7246	5223	3343	1	0	0	0	0
2356	1	99	6288	4073	2962	1	8	430	30	240
2357	1	99	8001	5812	3557	1	28	1733	441	918
2358	1	99	7426	5028	2804	1	0	0	0	0
2359	1	99	5726	3637	3036	1	13	725	132	297
2360	1	99	7677	5556	3394	1	3	438	42	171
2361	1	99	4682	2851	2635	1	3	165	5	84
2362	1	99	10639	9512	2872	1	1	7	0	7
2363	1	99	6997	5165	2317	1	6	299	25	160
2364	1	99	7312	4823	3443	1	46	3241	1238	1535
2365	1	99	9039	7660	2957	1	3	91	0	46
2366	1	99	4617	2722	2605	1	2	34	0	27
2367	1	99	8602	6055	3456	1	4	123	3	90
2368	1	99	7003	4913	3266	1	1	21	0	10
2369	1	99	4598	2730	2588	1	0	0	0	0
2370	1	99	6099	3987	3318	1	5	393	21	170
2371	1	99	6325	4498	2117	1	20	1741	353	824
2372	1	99	7415	5159	3393	1	2	39	0	30
2373	1	99	7338	5024	3355	1	0	0	0	0
2374	1	99	5544	3497	2816	1	0	0	0	0
2375	1	99	4174	2575	1967	1	6	249	27	159
2376	1	99	7784	5677	3291	1	7	314	19	100
2377	1	99	6698	4455	3075	1	2	429	8	115
2378	1	99	6983	4726	3154	1	9	249	5	166
2379	1	99	6880	4668	3131	1	1	61	0	38
2380	1	99	7793	5650	3383	1	2	166	2	52
2381	1	99	6424	4322	3021	1	18	969	214	486
2382	1	99	10652	9524	2882	1	4	1342	459	227
2383	1	99	6495	4332	3139	1	1	24	0	13
2384	1	99	7683	6226	2916	1	0	0	0	0
2385	1	99	6686	4697	3064	1	5	163	25	79
2386	1	99	6664	4818	2838	1	11	758	37	232
2387	1	99	4976	3132	2547	1	6	270	23	147
2388	1	99	5892	3957	2787	1	1	15	0	11
2389	1	99	9944	7987	2970	1	16	2242	1612	668
2390	1	99	7438	5179	3473	1	11	1018	79	397
2391	1	99	8603	7244	2881	1	1	260	0	72
2392	1	99	8225	6706	2756	1	2	51	0	13
2393	1	99	6675	4971	2915	1	0	0	0	0
2394	1	99	4971	3537	2218	1	2	100	0	43
2395	1	99	9777	7917	2906	1	4	185	9	97
2396	1	99	9015	7615	2913	1	2	410	60	94
2397	1	99	7576	5529	3321	1	5	412	41	223
2398	1	99	10467	9329	2855	1	10	895	501	275
2399	1	99	7956	5401	3271	1	4	321	140	100
2400	1	99	6728	4168	3168	1	5	178	17	103
2401	1	99	4296	3075	1994	1	11	800	78	267
2402	1	99	7218	4667	3029	1	2	158	0	19
2403	1	99	7094	5557	2767	1	5	346	6	101
2404	1	99	7739	5653	3393	1	0	0	0	0
2405	1	99	4021	2607	1918	1	2	251	6	92
2406	1	99	6204	4415	2080	1	30	1448	274	720
2407	1	99	7221	5025	3376	1	2	96	0	69
2408	1	99	7494	5472	3328	1	13	677	123	299
2409	1	99	4821	3347	2174	1	0	0	0	0
2410	1	99	5380	3478	2515	1	2	82	0	52
2411	1	99	7505	5986	2895	1	5	476	75	120
2412	1	99	7065	4487	3064	1	2	476	3	188
2413	1	99	6375	4162	3029	1	2	62	0	36
2414	1	99	7598	5677	3479	1	9	790	304	299
2415	1	99	7566	6094	2892	1	2	341	24	124
2416	1	99	6972	5044	3334	1	19	1181	299	527
2417	1	99	6732	4970	2627	1	3	417	36	140
2418	1	99	4291	3064	2006	1	2	74	0	49
2419	1	99	9574	8226	3007	1	9	463	79	178
2420	1	99	7491	5112	3366	1	1	14	0	12
2421	1	99	7631	6152	2957	1	0	0	0	0
2422	1	99	4891	3212	2243	1	0	0	0	0
2423	1	99	7804	5685	3518	1	13	1051	151	462
2424	1	99	6412	4157	3456	1	5	196	9	106
2425	1	99	7464	5011	3393	1	2	127	2	72
2426	1	99	8524	6316	3327	1	3	395	82	90
2427	1	99	7022	4952	3241	1	0	0	0	0
2428	1	99	5281	3641	2179	1	4	334	16	116
2429	1	99	6536	4361	3408	1	3	82	0	51
2430	1	99	7168	5191	3516	1	2	81	11	35
2431	1	99	6923	5346	2756	1	3	214	0	85
2432	1	99	6044	4044	2667	1	2	89	0	66
2433	1	99	9958	8091	2954	1	2	207	9	68
2434	1	99	8132	5815	3419	1	7	375	6	178
2435	1	99	7524	5247	3290	1	1	28	0	19
2436	1	99	9983	7980	2978	1	8	361	10	181
2437	1	99	6999	5049	3463	1	1	71	0	32
2438	1	99	6936	4860	3231	1	3	76	0	57
2439	1	99	7154	5075	3244	1	7	290	57	148
2440	1	99	6533	4424	3128	1	0	0	0	0
2441	1	99	6928	4899	3172	1	2	108	18	61
2442	1	99	4878	3444	2190	1	3	118	0	61
2443	1	99	6341	4465	2583	1	0	0	0	0
2444	1	99	7522	5296	3354	1	7	450	42	183
2445	1	99	6411	4247	2971	1	9	311	52	134
2446	1	99	6072	3911	3322	1	2	26	0	19
2447	1	99	10561	9434	2848	1	14	1121	371	465
2448	1	99	8707	6538	3375	1	3	348	0	86
2449	1	99	5313	3366	2671	1	0	0	0	0
2450	1	99	7770	5675	3389	1	0	0	0	0
2451	1	99	6485	4278	3614	1	3	315	27	81
2452	1	99	7582	5248	3302	1	1	143	0	12
2453	1	99	7393	5174	2420	1	4	325	25	97
2454	1	99	5814	3821	2621	1	4	112	7	92
2455	1	99	10658	9542	2884	1	3	152	0	57
2456	1	99	4989	3545	2246	1	1	170	0	64
2457	1	99	6658	4609	3139	1	3	79	0	41
2458	1	99	6535	4854	2812	1	1	21	0	14
2459	1	99	4710	2723	2694	1	13	814	321	431
2460	1	99	6589	4630	3030	1	0	0	0	0
2461	1	99	7360	4890	3100	1	1	17	0	15
2462	1	99	6500	4326	3022	1	4	214	6	121
2463	1	99	10355	9227	2858	1	2	958	0	152
2464	1	99	4837	3361	2186	1	3	95	12	64
2465	1	99	7606	5275	3309	1	34	2761	957	1085
2466	1	99	7924	6185	2595	1	3	552	74	90
2467	1	99	6508	4373	3552	1	3	267	46	140
2468	1	99	4016	2602	1915	1	2	89	2	65
2469	1	99	5405	3484	2529	1	6	391	40	204
2470	1	99	8226	5588	3153	1	0	0	0	0
2471	1	99	8484	7032	2873	1	8	824	196	285
2472	1	99	7639	5396	3392	1	7	433	66	208
2473	1	99	5144	3281	2645	1	6	517	124	283
2474	1	99	6928	4787	3204	1	1	41	0	24
2475	1	99	6544	4360	3629	1	0	0	0	0
2476	1	99	4971	3587	2175	1	3	143	6	77
2477	1	99	7478	5231	3404	1	1	30	0	20
2478	1	99	5474	3460	2509	1	13	401	115	261
2479	1	99	7340	4930	3082	1	2	46	0	36
2480	1	99	6790	4235	3197	1	4	260	17	134
2481	1	99	7630	5109	3063	1	2	99	4	46
2482	1	99	9226	7943	2928	1	1	24	0	13
2483	1	99	6387	4359	2988	1	8	228	8	140
2484	1	99	6585	4485	3020	1	3	332	41	121
2485	1	99	6293	4397	2469	1	2	181	0	46
2486	1	99	7894	5781	3464	1	5	145	4	68
2487	1	99	5393	3469	2551	1	1	19	0	12
2488	1	99	7854	5242	3155	1	0	0	0	0
2489	1	99	10373	9234	2822	1	3	148	0	57
2490	1	99	5062	3230	2808	1	5	539	97	222
2491	1	99	7226	5405	2346	1	2	143	0	66
2492	1	99	8645	6313	3299	1	15	1993	1007	652
2493	1	99	7329	5010	3148	1	12	926	77	314
2494	1	99	8706	6478	3243	1	1	129	0	31
2495	1	99	6639	4679	2758	1	1	55	0	17
2496	1	99	7330	5070	2816	1	1	33	0	16
2497	1	99	8630	7215	2884	1	14	1628	158	365
2498	1	99	7894	5740	3528	1	0	0	0	0
2499	1	99	7645	5398	3395	1	1	23	0	12
2500	1	99	6700	4599	3102	1	2	33	0	22
2501	1	99	7300	4744	2967	1	1	7	0	7
2502	1	99	6710	5042	2612	1	3	134	7	83
2503	1	99	6603	4618	3025	1	3	109	0	52
2504	1	99	6143	4320	2542	1	3	218	0	49
2505	1	99	8003	5799	3547	1	0	0	0	0
2506	1	99	4575	2622	2621	1	12	795	104	332
2507	1	99	7781	5088	3043	1	2	57	0	31
2508	1	99	6982	4973	3257	1	3	158	17	77
2509	1	99	6661	4656	3059	1	3	185	12	76
2510	1	99	4955	3515	2212	1	11	615	137	324
2511	1	99	6178	4168	2919	1	1	30	0	20
2512	1	99	6819	4658	3168	1	1	39	0	11
2513	1	99	4099	2921	1962	1	3	242	5	113
2514	1	99	4860	3421	2156	1	4	262	19	107
2515	1	99	5439	3579	2659	1	1	24	0	13
2516	1	99	4278	3062	2009	1	2	145	0	60
2517	1	99	5326	3473	2640	1	30	1848	904	1008
2518	1	99	6432	4271	3005	1	2	74	5	46
2519	1	99	6306	4338	2755	1	2	80	6	41
2520	1	99	8878	7500	2916	1	12	1512	537	360
2521	1	99	7255	5795	2853	1	1	24	0	13
2522	1	99	6468	4565	2495	1	1	38	0	34
2523	1	99	8957	6603	3360	1	0	0	0	0
2524	1	99	6843	4649	3149	1	0	0	0	0
2525	1	99	6529	4743	2623	1	9	773	182	374
2526	1	99	6634	4162	3098	1	10	682	83	291
2527	1	99	4997	3192	2452	1	1	10	0	8
2528	1	99	10594	9466	2863	1	2	366	0	57
2529	1	99	5935	3980	2693	1	11	416	33	236
2530	1	99	5679	3494	3198	1	4	222	11	133
2531	1	99	8809	6440	3352	1	0	0	0	0
2532	1	99	8297	6689	2667	1	4	303	93	102
2533	1	99	7605	5090	3410	1	2	151	2	61
2534	1	99	7611	5468	2450	1	1	30	0	18
2535	1	99	4919	3116	2475	1	2	50	3	34
2536	1	99	6576	4498	3043	1	11	568	80	335
2537	1	99	7006	4792	3540	1	1	18	0	16
2538	1	99	3887	2480	1862	1	2	173	0	104
2539	1	99	6910	4698	3519	1	2	50	0	29
2540	1	99	5542	3429	3075	1	3	224	0	96
2541	1	99	5727	3774	2616	1	0	0	0	0
2542	1	99	7685	5605	3438	1	0	0	0	0
2543	1	99	6976	5146	2308	1	6	286	19	160
2544	1	99	6854	4862	3112	1	5	469	140	162
2545	1	99	9088	7714	2888	1	0	0	0	0
2546	1	99	7458	5387	3254	1	1	25	0	12
2547	1	99	8759	6554	3237	1	1	24	0	20
2548	1	99	8699	6468	3370	1	2	43	0	25
2549	1	99	6635	4166	3303	1	2	175	2	50
2550	1	99	8674	6252	3627	1	12	1169	290	368
