0	575	1824	1942	2097	2268
1	561	1118	2167
2	129
3	52	92	290	336	352	410	527	700	795	833	859	992	996	1036	1131	1144	1165	1212	1265	1298	1508	2148	2231	2364
4	1323
5	620	935	1088
6	239	396	850	1502	1707	2479
7	10	818	1045	1984
8	719
10	7	818	1788
11	443	874	1387	1804	2247
14	818	913	923	1021	1110
16	818	974
17	864	1935
19	239	250	286	314	396	431	435	587	689	710	882	1268	1325	1927
20	1078
21	65	120	647	890	912	994	1186	1265	1340	1409	1425	1598	2284	2356	2381	2386	2394	2436
22	491	715	878	963	1533	1896	2023	2359
23	1913	2529
24	1114	1135	1401
25	1186
26	543	748	782	1036	1792	2434
27	1025
28	996
30	243	514	529	715	928	1253	2497	2507
31	459	1819	2230	2255
32	179	224	307	372	504	506	514	801	831	1014	1451	1683	1880	1965	2041	2207	2292	2309	2419	2465	2493
33	1125	1175	1360	2234
34	818
35	77	158	163	179	393	502	600	1028	1428	1614	1646	1865	2146	2406
38	502	611	628	838	1093	1304	1342	1374	1963	2099
39	2167
40	1396
41	199	936	1039	1135	1320	1401	1626	1885	2478
43	907	1938
44	386
45	247	1211	1860
46	2506
49	107	818
50	66	376	389	1254	1373	1551	1824	2024	2386	2401
52	3	272	367	700	708	710	751	769	974	1038	1144	1166	1307	1340	1373	1404	1669	1688	1729	1916	2190	2193	2364	2431	2525
53	748	1166
54	818	1215	1564
56	663
57	437	649	817	818	1028	1037	2429
58	163	818	1074	1878
59	295	339	818	2262	2386
60	326	396	443	518	1695
61	765	810	818	1934	1996
62	268	435	461	547	709	791	826	1387	2164	2213	2363	2397	2518
65	21
66	50	1628
67	146	304	374	490	589	818	882	938	956	982	1018	1170	1340	1348	1599	1701	1857	2148	2520
68	122	818	993	1053	1562	2356
69	280	287
70	100	125	489	546	638	936	1007	1028	1053	1401	1598	1690	1732	2517
71	974
72	97	330	1384	2400
74	77	440	729	1033
76	480	748	1470	1523	1575	1939	2412
77	35	74	280	640	667	818	1516	1550	1956
78	543	751	1739
79	818
81	243	1227	1340
82	110	475	667
83	264	272	548	1074	1161	1337	1340	1366	1373	1391	1898	1926	2210	2415	2423
85	117	242	1253	1330	1342	1561	2429
86	1117	1550
87	920
88	583
90	394	882	982	1260	1358	1676	2408
91	1089
92	3	1131	1165	1278	1298	1508
93	719	818	841	1586	2364
94	314	376	495	911	949	2080
95	503	603	818	919	1045	1161	1546	1574
96	138	220	279	394	398	475	858	895	1007	1051	1135	1170	1337	1355	1748	1995	2023	2130	2273	2517
97	72	120	211	247	453	542	575	593	643	709	712	882	996	1127	1184	1343	1695	1942	2030	2317
98	382	1118	2356
99	138	162	178	949	1180	1340
100	70	125	229	489	546	595	936	1135	1218	1401	1690	1826	2177
102	958
103	287	1092	1440	1905	2268
104	735	878
105	236	458	473	490	503	531	555	577	660	919	988	1014	1074	1123	1161	1225	1323	1368	1898	2423
106	1305
107	49	559	1011	2442
108	112	163	359	514	515	589	753	1251	1289	1323	1587	1863	1905	1935	2217	2434
109	379	384	527	831	902	2055
110	82	394	475	834	1007	1060	1748	2478	2517
111	1434	1891	2197	2319	2382	2528
112	108	2217
113	1729
114	330	354	502	628	647	672	752	757	851	907	1011	1145	1614	1966	2242
115	818
116	818
117	85	818	858	882	1230	1326	2129
118	1346	1996
119	733	1523	1939
120	21	97	164	376	529	589	697	710	801	919	988	1211	1219	1688	2309	2386	2526
121	200	734	943	1028	1053	1355	1648	1696	2023	2395
122	68	175	287	607	993	1007	1053	1055	1056	1562
123	446	543	748	818	882	1095	1254	1303	2030
124	456	518	543	725	818	1156	1201	1260	1547	1825
125	70	100	138	181	489	491	546	595	936	1007	1135	1180	1401	1702	2286	2339
126	456	2073	2243
128	751
129	2	171	227	336	444	879
130	818
131	287	1918
132	502	882	2262
133	1028	1046	1194	1759	1845	2456	2510
134	1323	1529	2294
135	974
136	1759
137	514	2216	2357
138	96	99	125	158	162	163	224	250	314	431	695	715	858	1007	1335	1355	1668	1805	1816	1864	2182	2246	2250	2406	2506	2517	2537
140	163	483	928	1399	1682
141	641	803	1340	1707	1860	2214	2386
142	1998
143	675
144	437	554	835	882	907	923	1062	1186	1204	1696	1865	1914	2108	2225	2447	2513
145	1873
146	67	557	899	1343	1438	2273
147	281	634
148	1210
149	484	502	628	641	647	672	752	856	907	1013	1061	1127	1167	1225	1454	1614	1725	1998	2231	2248	2270
150	269	290	745	818	825	829	1300	2390
151	818	1354	1414
152	747	1209	1385	1479	1847	2288	2516
153	203	229	607
154	162	343	562	1034	1171	1374	1593	2146	2428	2445	2476	2539
155	700	2363
156	398	634	928
158	35	138	172	179	398	546	600	834	882	963	1135	1170	1174	1230	1323	1342	1343	1427	1550	2023	2143	2146	2478	2517
159	818	1024	1126	1966	2371
160	307	502	627	757	1010	1011	1093	1127	1145	1323	2099	2248	2389	2436
161	272	769	1916
162	99	138	154	206	220	277	312	339	362	446	555	688	858	895	922	966	996	999	1170	1308	1309	1337	1342	1353	1355	1530	1543	1550	1642	1696	1816	1818	2023	2146	2148	2223	2300	2371	2408	2465
163	35	58	108	138	140	170	220	291	297	316	319	402	409	543	583	715	816	996	1037	1247	1253	1300	1399	1435	1516	1624	1641	1691	1739	1777	2243	2371	2465	2550
164	120	313	408	818	919	1161	1276	1330	1754
165	1218
166	818
167	543	818	1428	2167	2251
168	1588
169	354	555	818	1006	1062	1309	2175	2249
170	163	443	504	547	689	715	902	982	1255	1647	1818	2164	2327	2406	2465
171	129	1042
172	158	215	600	841	1140	1181	1580	1800	2233
174	252	818	831	1922
175	122	1007	1206	1230	1253	1620
176	502	714	890	948	1022	1299	1602	1966	2416
177	818	958
178	99	1221
179	32	35	158	235	277	502	586	818	849	858	1019	1084	1170	1226	1308	1328	1330	1343	1344	1428	1550	1561	1690	1696	2406
180	502	627	672	1614	1720	2270
181	125	556	828	1702	2448
182	940	2309
183	1308	2108	2224	2226
184	1358	1698
185	579
186	818	1148	2284
187	244	779	963	1018	2370
189	818
190	708	779
192	439	542	873	1340	1373	1955
194	974
195	2500
197	959
198	648	1037
199	41	936	2095	2226	2416
200	121	396	858	2246	2375	2530
201	243	748	970	982	1402	1698	1839	2550
202	514	1585
203	153	229	414	605	676	1321	1401	1963	2301	2343
204	536	1056
206	162	1117	1374
207	259	818
208	856	2333
209	980	1681	1819	1925	2447
210	2199
211	97	563	724	781	818	1073	1766	2219	2520
212	480	1808	1972	2049
213	539	985	1165	1182	1295	1302
214	812	818
215	172	279	492	725	966	1028	1042	1459	1651	1691	1759	1905	2280	2308	2467	2510	2517
216	331	818	1333	1353	2043	2357
217	1647
218	664	1260	1358	2213
219	287	294	568	818	1918	2100
220	96	162	163	715	873	880	999	1253	1317	1340	1759	2023	2434	2490
221	223	289	354	502	565	627	628	641	647	672	752	757	838	909	947	949	1010	1011	1013	1019	1061	1093	1127	1138	1145	1149	1304	1374	1454	1469	1782	2060	2138
222	236	531	919	1721	2205
223	221	580	599	947	953	1001	1123	1166	2138	2289
224	32	138	379	1935
225	1375	2396
226	1101
227	129	426	587	2262
228	1900	2332
229	100	153	203	414	605	607	936	1135	1170	1255	1321	1401	1963	2083	2301
231	452	1515	1821	2182	2517
232	261	425	861	1014	1073	2506
233	1340
234	235	818	2121	2262
235	179	234	466	996	2272	2414
236	105	222	264	458	503	531	555	577	586	660	695	988	1074	1085	1123	1220	1337	1349	1354	1366	1554	1721	1881	2197	2423	2465
238	300
239	6	19	258	396	433	708	758	818	1186	1268	1303	1404	1878
240	378	571	992
241	243	818
242	85	409
243	30	81	201	241	262	330	407	425	453	465	689	696	743	852	873	1076	1144	1165	1170	1205	1238	1278	1358	1369	1507	1532	1571	1617	1818	1978	2039	2332	2413	2536
244	187	1185	1365	1475	2105
245	519	1089
246	456	939	1461	1707	2275	2377
247	45	97	367	386	389	414	470	529	571	748	758	771	818	997	1180	1333	1347	1468	1586	1752	1795	2381
248	417	1606
250	19	138	292	305	322	339	405	431	435	447	548	640	674	830	852	865	999	1018	1315	1860	2262	2277	2283	2285	2357	2406	2465	2536
251	865
252	174	514	529	911	963	1323	1922
253	882	1873
254	750
257	1660
258	239
259	207	1161	1914
261	232	314	425	600	818	858	895	1293	1376	2085	2226	2286	2466	2471	2506	2520
262	243
264	83	236	458	531	660	695	988	1074	1337	1340	1354	1366	1573
265	1482
268	62	1950	2465
269	150	314	443	920	1144
270	275	282	453	2059	2262	2364	2493
271	362	467	529	593	710	940	1014	1166	1457	2116
272	52	83	161	769	1074	1688	1729	2303
273	748	974	1384
274	312	500	1566	1816	2414	2447	2489
275	270	443	758	1180	1260	1468
277	162	179	580	766	818	1019	1069	1254	1308	1428	1696	2359	2418
278	587	852	1713	2262
279	96	215	398	504	634	661	667	734	818	1170	1355	1482	1732	1751	1816	2226	2246	2351	2467
280	69	77	2416
281	147	293	884	2442
282	270	1606	1859
283	1963	2032	2286
284	305	882
285	341	797	799	1357
286	19	758	1045	1254	1338	1699	1713	1775	1924	2381
287	69	103	122	131	219	294	561	568	1008	1092	1595	2461
288	308	748	1156	1237	1386	1545	1641	1908	2287
289	221	306	354	447	502	627	641	647	672	752	757	803	818	838	909	1010	1011	1013	1019	1109	1145	1240	1304	1348	1374	1454	1469	1782	1836	1973	2037	2099	2242	2389
290	3	150	350	486	525	1265	1752	2356
291	163	502	999
292	250	443	446	916	928	1163	1170	1292	1340	2023	2285	2307	2357
293	281	546	748
294	219	287	568	818
295	59	376	442	818	847	885	915	925	1639	1680	1935	2262
296	301	362	725	816	901	1204	1732
297	163	1010	1932	1934	2519
298	818
299	878
300	238	818
301	296	446	818
303	806	1340	1729	1798	1898	2411
304	67	307	495	756	1336	1507	1935
305	250	284	367	400	435	453	587	638	674	751	758	1107	1116	1178	1221	1228	1260	1288	1395	1410	1420	1568	1713	1727	1730	1788	1814	1868	1878	2116	2364	2408	2465
306	289	1046	1342	2037	2223
307	32	160	304	420	446	502	858	947	1084	1428	2292
308	288	1286
309	2410
310	1323
311	882	1180	2167
312	162	274	500	692	818	1247	1550	1554	1648	1696
313	164	435	720	744	758	818	963	1099	1178	1254	1288	1754
314	19	94	138	261	269	443	446	495	509	514	529	639	831	858	911	920	928	956	997	1014	1289	1319	1340	1391	1758	1766	1818	1935	1990	2062	2148	2364
315	818
316	163
317	396	1340	2497
318	2193	2260
319	163
320	396
321	1165	2074
322	250	761	1016	1768	1949
323	2032
324	1323
325	375	988	1949
326	60	818	1970
327	333	372	435	467	529	674	781	847	864	885	1254	1763	2167	2262
328	818	1019	1308	1318	1628	2250	2262	2376
329	982
330	72	114	243	709	1037	1165	1206	1238	1485	1599	1760	1934	2167	2364	2367	2405
331	216	643	764	1648	1930	2070
332	1628
333	327	376	467	1254	1699	1824
334	446	1279	1957
335	766	820	2250	2416
336	3	129	1062	2364	2371
337	495	529	1699
338	874
339	59	162	250	389	647	758	794	801	864	865	940	999	1018	1038	1186	1254	1260	1288	1297	1340	1373	1544	1551	1586	1606	1824	1864	2010	2055	2116	2214	2277	2356	2386	2483
341	285	818	1873	1972
343	154	595	725	1625	1732	1805	2044	2237	2368
344	566	702	871	913	1004	1626
345	1927
346	725
349	2539
350	290	486	2345
351	391	398	818	841	2514
352	3	603	1323	2364
354	114	169	221	289	502	627	641	647	696	752	1010	1011	1013	1145	1374	1469	1720	1782	2037	2060	2099	2389
355	1289	1323	2491
356	818	2024
358	442	692	799	863	1050	1673	1873	2106	2284	2338	2401
359	108	515	753	1014	1766
360	840	1106	1502	1648
362	162	271	296	430	446	493	550	647	818	920	1045	1112	1133	1149	1178	1234	1265	1340	1374	1621	1752	1982	2030	2445
364	1143	2250	2490
366	419
367	52	247	305	569	748	818
371	462
372	32	327	376	495	796	1507	1663	1683	1880
374	67	861	1277	1348	1390	2520
375	325	484
376	50	94	120	295	333	372	467	587	589	710	756	781	801	882	915	938	956	1044	1063	1323	1504	1935	2262	2278	2309
378	240	708	997	1684	1795
379	109	224	384	616	708	1536	1604	1876
380	498
382	98	821	1118	1517
383	480	1972	2361
384	109	379	2364
385	818	2030
386	44	247	958	2364
387	420	1891
388	2416	2490
389	50	247	339	1860
390	614
391	351	413	482	633	739	766	841	963	1464	1756	2311	2459
393	35	422	563	820	1030	1286	1452	1496	1787	2378
394	90	96	110	475	692	895	982	1007	1060	1121	1170	1257	1260	1355	1550	1821	1995	2027	2286	2462	2517
395	1572	1915
396	6	19	60	200	239	317	320	433	708	720	1107	1197	1254	1268	1303	1404	1635	1898	2167	2340
397	784	878	1743
398	96	156	158	279	351	617	634	640	928	963	1121	1135	1416	1625	1800	1816	1823	1865	2424	2459	2483
399	818
400	305	435	521	663	1228	1713	1788	2284
401	2243
402	163	685	1778	2001
404	535	748
405	250	659	715	928	931	982	1139	1261	1277	1367	2357	2371
406	818	1069	1330	1707
407	243	493	603	812	1286	1635	1713	1761	1868	1905
408	164	529	750	1860	2262
409	163	242	659	711	802	1042	1672
410	3	1646
411	818	874	2149
412	1173	2233
413	391	482	492	633	763	818	841	1538	1756	1938	2048
414	203	229	247	444	764	1034	1050	1165	1401	1827	2046	2164
415	818	1447	2167	2189
416	1028	2529
417	248	603	1606
418	1070	1958	2327
419	366
420	307	387	1263	1873	2142
421	928	1080	1222	1343	1744	2149	2385
422	393	503	1223	1796	1948	2388
423	697	1904
424	795	1646	2133
425	232	243	261	818	861
426	227	716	719	1606
427	816	2177
428	456	1550
430	362
431	19	138	250	571	600	614	818	928	1045	1226	1550	1641	2357
432	1729	2096
433	239	396	668
435	19	62	250	305	313	327	400	442	453	663	674	720	749	882	956	1044	1091	1228	1254	1395	1414	1420	1544	1699	1727	1788	1799	2167	2262	2401
437	57	144	649
438	666
439	192	748	818	2292
440	74	1033
442	295	358	435	863	871	1050	1246	1268	1434	1673	1873	1893	2171	2398	2401
443	11	60	170	269	275	292	314	465	518	718	758	920	1165	1319	1497	1536	1778	1793	1799	1955	2076	2493
444	129	414	818	2131	2530
445	543	696	882	1152	1868	2423
446	123	162	292	301	307	314	334	362	458	461	570	571	580	647	649	672	752	766	856	916	940	1069	1084	1126	1358	1905	2060	2099	2146	2194	2290	2297	2408
447	250	289	640	726	1101	1550
449	484	732
450	646	818	830	982	1260
451	545	1183	1798
452	231	981	1515	1821	2023	2182	2286	2359	2363	2517
453	97	243	270	305	435	545	716	792	818	1151	1254	1309	1646	1662	1919	2030	2098	2116	2390	2465	2512
454	527
455	1373	1876
456	124	126	246	428	818	939	1260	1264	1825	2073
457	484
458	105	236	264	446	586	636	660	988	1058	1330	1337	1349	1573	1707
459	31	818	1095
460	536	586	735
461	62	446	547	1100	1818	2079
462	371	1166	1323
464	1134
465	243	443	1178	1727	1788	1799	2191	2386	2445
466	235	502	851	907	1018	2095	2248
467	271	327	333	376	514	529	578	589	679	710	781	796	801	861	885	911	956	998	1014	1095	1289	1323	1507	1663	1699	1715	1935	1990	2185	2309	2392	2419
470	247
471	1357
473	105	586
475	82	96	110	394	611	895	1096	1355	2517
476	484	1836
477	748
478	896	999	1355	2291	2371	2428
480	76	212	383	567	1808	1972	2412
481	634	1408	1765
482	391	413	633	766	818	841	963	1484	2004	2311	2459
483	140	1201	1399
484	149	375	449	457	476	502	565	580	628	641	752	803	948	1010	1138	1166	1212	1323	1341	1627	1724	1729	1998	2138	2231	2261	2270
485	2170
486	290	350
488	1887
489	70	100	125	546	595	936	1042	1135	1401	1690	1702	1856	2345
490	67	105	515	589	940	956	1323
491	22	125	878	936
492	215	413	504	614	1358	1459	1550	1821	2027
493	362	407
494	1401
495	94	304	314	337	372	514	574	593	679	724	781	797	801	831	864	885	911	925	940	956	1014	1196	1268	1274	1340	1507	1519	1529	1629	1663	1683	1693	1699	1758	1776	1922	1924	1935	1953	2028	2148	2207	2278	2309	2396
497	678
498	380	2222
500	274	312	1957
501	1357
502	35	38	114	132	149	160	176	179	180	221	289	291	307	354	466	484	565	582	627	628	630	641	647	652	655	672	701	704	752	757	803	851	866	907	909	947	948	951	1010	1011	1013	1017	1021	1109	1127	1130	1145	1149	1155	1164	1240	1253	1280	1304	1340	1348	1374	1391	1425	1454	1469	1513	1527	1543	1545	1591	1599	1614	1642	1646	1681	1720	1725	1782	1819	1836	1853	1963	1966	1973	1998	2037	2053	2060	2099	2145	2146	2151	2168	2176	2211	2231	2233	2242	2248	2289	2300	2350	2359	2497	2506	2532
503	95	105	236	422	531	818	989	1161	2359	2406
504	32	170	279	492	644	696	778	1249	1595	1751
505	649	681	1209
506	32	818
508	1165
509	314	1069	1707	2547
511	522	814	1517
513	1166	1366	1573	2309	2520
514	30	32	108	137	202	252	314	467	495	722	781	801	911	925	956	1014	1095	1402	1524	1693	1699	1766	1935	1990	2024	2041	2309	2391
515	108	359	490	753	781	818	847	1323	1390	2008
516	1804
518	60	124	443	758	818	1107	1799	1988	2062	2149	2364	2401
519	245	1089	1488	1956
520	882	992	1735
521	400	771
522	511	637	818	893	963
523	558	772	798	1633	2167	2417
525	290	1186	1221
526	587	2036
527	3	109	454	709	818	1070	1122	1298
528	1740
529	30	120	247	252	271	314	327	337	408	467	580	593	653	696	710	751	758	886	940	1193	1348	1351	1409	1457	1526	1576	1588	1776	1824	1832	1848	2041	2207	2211	2309	2504
530	818
531	105	222	236	264	503	548	923	992	1074	1225	1349	1354	1721	2185
533	1156
534	1250	1597	1697	2549
535	404
536	204	460	1056
537	1707
538	748	754
539	213	818	874	1182	1295	1302	1988	2271
541	872	1097	1429	2337
542	97	192	603	748	1144	1323	2116	2285	2364
543	26	78	123	124	163	167	445	621	738	758	794	818	869	892	997	1288	1311	1344	1354	1606	2202	2262	2423
544	882
545	451	453	915	919	997	1798	1934
546	70	100	125	158	293	489	595	715	856	884	936	1028	1135	1401	2351	2510	2517
547	62	170	461	791	826	1022	1320	1670	2397
548	83	250	531	553	603	928	1340	1354	1373	1391	1881	1898	2210	2214	2283	2303	2357
549	696	1165
550	362	1914
551	748	974
552	1243
553	548	951	1340	1373	1391	1863	2214	2261	2406
554	144	1037	2429
555	105	162	169	236	986	988	1074	1170	1263	1301	1330	1337	1354	1428	1554	1602	1624	1759	1856	1896	2098	2416
556	181	812	2326
557	146
558	523	1166	1763
559	107
560	1118
561	1	287	2167
562	154	818
563	211	393	895	1223	1352	1612
564	858	1092	1362	2240	2503
565	221	484	502	752	803	909	947	1011	1013	1019	1253	1374	2037	2060
566	344	1095
567	480	1808
568	219	287	294	1439
569	367	818	1414	2364
570	446	850	2133
571	240	247	431	446	1161	1228	1540	2147	2262	2357	2424
573	1135	2101
574	495	781	911	1014	1323	1935	2148
575	0	97	818
577	105	236	1057	1074	1166	2185
578	467	1014	1289	1323	1935
579	185	835	1457	2185
580	223	277	446	484	529	599	754	824	953	1166	1323	1391	1632	1937	2138	2289	2451	2453
581	1814	2177
582	502	2211
583	88	163	655	877	1265	1805	2395
584	1821
586	179	236	458	460	473	695	975	1084	1085	1329	1330	1337
587	19	227	278	305	376	526	663	758	771	819	869	1043	1221	1288	1395	1420	1544	1551	1606	1713	1727	1736	1788	1799	1824	2065	2097	2191	2247	2262	2381	2386	2408	2430	2445	2533
589	67	108	120	376	467	490	603	710	756	781	801	925	949	956	1014	1289	1766	1935	2185	2309	2431
590	2167
591	767	1043	1673	2492
592	1106	1293	1648
593	97	271	495	529	1014	1323	1524	2123
594	2146	2343
595	100	125	343	489	546	1034	1538	2351
596	1508
597	985	2149
598	1446
599	223	580	703	754	1047	1166	2091
600	35	158	172	261	431	640	818	895	1293	1550	1648
601	1707	2002	2091
602	818	1165
603	95	352	407	417	542	548	589	608	708	815	938	974	1095	1144	1197	1235	1283	1340	1504	1606	1611	1706	1827	1997	2285	2431	2496
605	203	229	1321	1401	1963
607	122	153	229	828	936	1007	1053	1255	1401
608	603	942	974	1340	1905
611	38	475	818	895	1355	2517
612	1337	2023
614	390	431	492	729	816	1000	1355	1969	2130	2237	2297	2359	2381	2459
615	1385
616	379
617	398	634	2509
618	1466	2013
620	5	715	928	1139	1944
621	543	2364
626	732	1294	2378
627	160	180	221	289	354	502	752	838	1011	1093	1127	1149	1614	1720	1966	2037	2060	2099	2248	2389
628	38	114	149	221	484	502	641	647	655	672	752	803	907	947	1011	1013	1093	1138	1304	1342	1374	1391	1614	2060	2270
629	1765	2387
630	502
631	1455
632	766
633	391	413	482	1484	2004
634	147	156	279	398	481	617	928	1000	1028	1121	1218	1355	1538	1805	1816	1823	1865	2023	2483
635	1560	1700	1731
636	458	818	1085
637	522	893	963
638	70	305	810	828	845	928	935	973	1139	1255	1388	1698	2339	2390	2472
639	314	818	1280	2406
640	77	250	398	447	600	661	1101	1106	1816
641	141	149	221	289	354	484	502	628	647	672	752	757	782	803	907	947	1010	1013	1109	1167	1342	1374	1469	1614	1836	1998	2037	2099	2231	2248
642	1935
643	97	331	758	1365	1908	2371	2415
644	504	1697
646	450	830	982	1260	2050
647	21	114	149	221	289	339	354	362	446	502	628	641	704	743	752	803	816	838	890	909	1010	1011	1013	1093	1109	1342	1374	1454	1469	1554	1614	1707	1782	1836	1966	2037	2231	2493	2532
648	198	1381	2227
649	57	437	446	505	2492
650	1140
651	2546
652	502	752	1127	1191	1602	1870
653	529	666	748	818	1017	1144	1250
654	2303
655	502	583	628	947	1149	2145	2416	2483
656	697	1096	1845
657	1053	2023
659	405	409	1010	1019	1084
660	105	236	264	458	818	855	1085	1337	1349	2423
661	279	640	667	768	915	954	1342	1697	1863	2032	2196	2226	2246	2473
663	56	400	435	587	818	1254	2262
664	218	1260	1358
665	1602	2236
666	438	653	691	810	1353	2529
667	77	82	279	661	725	739	818	936	1218	1355	1477	2023	2047	2246	2366
668	433
671	1549	1873	2382	2463
672	114	149	180	221	289	446	502	628	641	803	907	909	947	1011	1013	1061	1109	1374	1598	2436
674	250	305	327	435	758	786	818	882	940	1178	1228	1268	1395	1788	1835	1878	2399
675	143
676	203	735	1321	1401
678	497	956	1323	1390	1935
679	467	495	818	1323	1857
681	505	1323
682	795
683	745
685	402	818	1044
688	162	695	1337	1342	1349
689	19	170	243	758	795	818	882	995	1144	1517	1627	1955	2022	2364	2416
691	666	714	882	1438	1698
692	312	358	394	858	1170	1308	1696	2223	2273	2343
694	818	2403
695	138	236	264	586	688	988	1085	1337	1349	1391	1573
696	243	354	445	504	529	549	873	1025	1156	1646	1733	2030	2126	2172	2269	2327	2381
697	120	423	656	863	1153	1904
698	1157
699	1136
700	3	52	155	795	973	1144	1597	1641	2364
701	502	1093	1614
702	344	1819	2040	2350	2414	2447
703	599	2091
704	502	647	752	882	1011	1323	1374	1391
706	935	1165	1372
707	834	2432
708	52	190	239	378	379	396	603	717	758	769	809	974	1033	1340	1497	1688	1729	1793	1916	2303	2390	2525
709	62	97	330	527	765	1269	1804	1886	2288	2397
710	19	52	120	271	376	467	529	589	801	940	949	956	1375	1504	1935
711	409	901	1132	2160	2363
712	97	748	1323
713	2364
714	176	691	771	911	920	1022	1268	1536	2055	2164	2187
715	22	30	138	163	170	220	405	546	620	868	928	982	1017	1139	1152	1300	1335	1353	1641	1849	1863	1913	2023	2139	2349	2371	2406	2459	2465	2529	2550
716	426	453
717	708	951	1340	1373	1391	1729	2210
718	443	833	882	1165	1300	2364
719	8	93	426	1144	1921	2468
720	313	396	435	882	1788	1860	2141	2262
722	514	2008
724	211	495	781	1095	1766	1948	2520
725	124	215	296	343	346	667	734	762	1028	1042	1055	1121	1367	1625	1690	1697	1765	2044	2510	2517
726	447	1117	2143
728	1907
729	74	614	963	1174	2048
731	774	1936
732	449	626	1127	1185	1724	1828	2094	2224
733	119	2485
734	121	279	725	986	1174	1756	1800
735	104	460	676
736	827	1385	1935
738	543	1740
739	391	667	766	901	1042	1121	1594	1940	2021
740	1733
742	781	2116
743	243	647	944	1265	1340	1544	1919	1984	2125	2549
744	313
745	150	683
746	818
747	152	853
748	26	53	76	123	201	247	273	288	293	367	404	439	477	538	542	551	653	712	759	798	824	832	985	1037	1098	1102	1144	1166	1176	1181	1186	1197	1234	1235	1266	1348	1354	1358	1378	1391	1441	1470	1497	1535	1546	1575	1850	1954	2180	2367	2487	2548
749	435	1246
750	254	408	1815	2348
751	52	78	128	305	529	882	1115	1147	1710	2156
752	114	149	221	289	354	446	484	502	565	627	628	641	647	652	704	757	856	907	909	947	1011	1127	1145	1167	1304	1342	1454	1614	1725	1782	1836	1937	1966	1998	2037	2060	2099	2231	2242	2248	2270	2289	2532
753	108	359	515	847	915	925	956	1014	1323	1857	1905	1935	2185
754	538	580	599	953	998	1166	1323	1937	2386
756	304	376	589	801	915	956	1014	1323	1348
757	114	160	221	289	502	641	752	803	907	1013	1093	1253	1328	1374	1614	2389
758	239	247	275	286	305	313	339	443	518	529	543	587	643	674	689	708	795	821	868	874	942	992	996	1045	1107	1144	1182	1268	1300	1386	1395	1412	1441	1540	1713	1739	1860	2147	2156	2164	2202	2262	2357	2425	2469	2486	2511
759	748	1165
761	322
762	725	1697	1765
763	413	922	2510
764	331	414	1934
765	61	709	1286	1996
766	277	335	391	446	482	632	739	963	1940	2250	2513
767	591
768	661	1572	1765	2137	2385
769	52	161	272	708	1729	1898	1916
770	1914
771	247	521	587	714	1022	1860	2262
772	523	2067
773	882	1166
774	731
775	777	818	2364
777	775
778	504	1751
779	187	190	1238	1268	1832
780	2106
781	211	327	376	467	495	514	515	574	589	724	742	797	801	888	938	949	956	1014	1196	1274	1411	1507	1519	1526	1623	1629	1766	1924	1935	1990	2309
782	26	641
784	397	1037	1177	1241	1360	2310	2333	2370	2441
785	818
786	674	2030	2399	2401
788	1132	1230
789	1873
790	1337
791	62	547	826	2397
792	453
793	2357
794	339	543	818	982	1982
795	3	424	682	689	700	758	859	1144
796	372	467	818	1323
797	285	495	781	1450	1523	2053
798	523	748	827	1633	1808
799	285	358	818	1050	1357	1602	2171	2338	2401
801	32	120	339	376	467	495	514	589	710	756	781	1507	1935	2051	2262	2309	2471	2497
802	409	818	1697	2146	2465
803	141	289	484	502	565	628	641	647	672	757	907	909	1011	1013	1019	1076	1109	1374	1435	1454	1469	1836	1998	2037	2060	2211	2231
804	2067
805	818	1268
806	303	818
808	1037
809	708	1729
810	61	638	666	839	928	935	1022	1055	1144	1388	1425	1905	2315	2445	2465
811	1012	2364
812	214	407	556	1144	1698
813	877	923	1487	1601	1891	1925	2528
814	511	1859
815	603	818	1076	1508
816	163	296	427	614	647	2428
817	57	1348
818	7	10	14	16	34	49	54	57	58	59	61	67	68	77	79	93	95	115	116	117	123	124	130	150	151	159	164	166	167	169	174	177	179	186	189	207	211	214	216	219	234	239	241	247	261	277	279	289	294	295	298	300	301	312	313	315	326	328	341	351	356	362	367	385	399	406	411	413	415	425	431	439	444	450	453	456	459	482	503	506	515	518	522	527	530	539	543	562	569	575	600	602	611	636	639	653	660	663	667	674	679	685	689	694	746	775	785	794	796	799	802	805	806	815	819	832	833	841	842	852	855	858	866	867	869	881	882	889	894	900	905	910	914	918	938	941	944	956	961	963	966	972	978	985	989	996	997	998	1011	1017	1018	1026	1037	1041	1042	1043	1047	1049	1050	1075	1076	1087	1088	1092	1094	1098	1113	1116	1133	1136	1143	1144	1147	1154	1181	1182	1190	1197	1201	1205	1211	1225	1228	1234	1235	1239	1249	1253	1256	1260	1266	1269	1270	1274	1276	1281	1286	1288	1292	1293	1300	1306	1308	1315	1325	1326	1327	1338	1341	1347	1350	1353	1362	1376	1395	1396	1398	1402	1404	1407	1413	1414	1441	1446	1452	1461	1463	1468	1476	1482	1511	1512	1524	1536	1537	1538	1539	1545	1546	1547	1566	1574	1586	1588	1604	1622	1627	1629	1630	1634	1663	1686	1695	1697	1699	1704	1705	1718	1721	1735	1738	1743	1762	1784	1788	1796	1810	1825	1827	1828	1839	1846	1858	1879	1904	1908	1910	1922	1926	1931	1939	1952	1954	1956	1961	1978	1984	1997	2001	2003	2015	2022	2030	2038	2040	2065	2089	2095	2102	2111	2119	2123	2143	2165	2171	2173	2187	2189	2197	2198	2199	2202	2227	2240	2243	2254	2268	2285	2287	2293	2298	2302	2310	2317	2318	2326	2340	2356	2365	2367	2375	2378	2381	2383	2385	2387	2390	2395	2399	2403	2407	2408	2414	2423	2436	2442	2445	2448	2453	2455	2457	2469	2482	2483	2485	2486	2489	2504	2506	2515	2516	2518	2521	2529	2530	2532	2538	2548
819	587	818	1586	1646	2116
820	335	393	854	1668
821	382	758	1499	1840
823	1121	1615	1959
824	580	748	1023	1300	1323	1707
825	150	1165
826	62	547	791	2397
827	736	798	1133
828	181	607	638	1161	1702	2339
829	150	1144	2357
830	250	450	646	982	992	1260	2017	2124
831	32	109	174	314	495	911	1289	1375	1526	1935	2055	2419
832	748	818	2377
833	3	718	818	882	1152	1325	2293
834	110	158	707	936	1135	1174	2177	2246	2478	2517
835	144	579
836	843	1025	1452	1630	1865	2333	2492
837	2281
838	38	221	289	627	647	1093	1966	2099	2389
839	810	935	2459
840	360	1106	1362	1502	1648	2306
841	93	172	351	391	413	482	818	1343	1580	2514
842	818
843	836
844	923
845	638	882	1982
846	2030
847	295	327	515	753	1323	1411	1699	1924	1935
849	179	1934	1988	2423
850	6	570	2235	2486
851	114	466	502	907	1725	2248
852	243	250	278	818	1818
853	747	1175	1359	2295
854	820
855	660	818	870	916	1085	1164	1377
856	149	208	446	546	752	907	2416
858	96	117	138	162	179	200	261	307	314	564	692	818	1019	1101	1121	1222	1308	1328	1343	1355	1550	1696	1748	1865	2023	2079	2406	2476
859	3	795	992	1144	1167	2381
861	232	374	425	467	1166	1323	1566	2113	2185
862	973	1340	2312
863	358	442	697	882	897	1050	1598	1673	1873	2010
864	17	327	339	495	1254	1860	2185	2262
865	250	251	339	955	1228	1807	1982	2262
866	502	818	907	1435
867	818	1907
868	715	758	928	982	1139	1152	1355	1934	2270	2465	2550
869	543	587	818	882	897	915	992	1044	1187	1860	2167	2262	2307	2406	2526
870	855	2454	2510
871	344	442	877	923	938	1094	1323	1549	1673	1819	1873	1893	1960	2171	2398
872	541	1081	1190	2240
873	192	220	243	696	1646	1685	2196	2343
874	11	338	411	539	758	1144	1182	1387	1864	2296
875	1165	2364
876	882
877	583	813	871	1004	1434	1487	1601	1891	2040	2335	2455
878	22	104	299	397	491	1743	2359
879	129	1387	1417	2356
880	220	1099	1251	1253	1335	2143
881	818
882	19	67	90	97	117	123	132	144	158	253	284	311	376	435	445	520	544	674	689	691	704	718	720	751	773	818	833	845	863	869	876	911	973	978	999	1112	1129	1186	1202	1203	1232	1253	1268	1288	1323	1328	1356	1388	1420	1500	1519	1544	1551	1555	1581	1647	1663	1669	1671	1695	1699	1727	1741	1764	1788	1814	1833	1839	1843	1864	1873	1879	1883	1891	1913	1997	2024	2030	2183	2192	2210	2247	2269	2285	2292	2311	2322	2326	2335	2367	2371	2378	2380	2408	2438	2483
884	281	546	1291	1471	2446	2543
885	295	327	467	495	925	940	1350	1629	1663	1758	2080
886	529	1701	2416
888	781
889	818	1719	2364
890	21	176	647	963	1446	1648	1971
891	1648	2105
892	543	968	992	1540
893	522	637	963
894	818
895	96	162	261	394	475	563	600	611	928	1007	1053	1060	1170	1240	1257	1342	1355	1550	1821	1992	1995	2263	2478	2506	2517
896	478
897	863	869	1148	1673
898	930	1499	1808
899	146	1163	1213	1300	1373	1729	1864	2261	2332
900	818	1934
901	296	711	739	1042	1164	1372
902	109	170	1818	2180	2322
903	2263
904	995
905	818	1359	1365	1478
907	43	114	144	149	466	502	628	641	672	752	757	803	851	856	866	909	1011	1013	1061	1145	1151	1155	1204	1280	1425	1469	1532	1782	1836	2246	2270
908	2490
909	221	289	502	565	647	672	752	803	907	1010	1011	1013	1019	1145	1454	1782	2037	2242	2319	2389
910	818
911	94	252	314	467	495	514	574	714	831	882	956	1014	1289	1323	1935	2055	2185	2309
912	21	983	1323	1330	1614	2376	2436
913	14	344	2382
914	818	1460	1991
915	295	376	545	661	753	756	869	925	1262	1323	1707	1924	2094	2185	2226	2471
916	292	446	855	976	1170	1240	1293	1340	1466	1554	1864	2023	2269	2357	2490
918	818	1353	1634	2167	2262
919	95	105	120	164	222	545	988	1161	1225	1330	1574	1729	2197
920	87	269	314	362	443	714	950	1319	1728	1788
922	162	763	1253
923	14	144	531	813	844	871	1263	1819	1891	2197	2350
924	992	2364
925	295	495	514	589	753	885	915	940	949	1014	1323	1766	1935	2051	2231	2419	2471
926	1253	1443	1640
928	30	140	156	292	314	398	405	421	431	548	620	634	638	715	810	868	895	958	982	1017	1139	1152	1201	1260	1353	1886	1913	1934	2023	2045	2193	2357	2465	2529	2536	2550
930	898	1499
931	405	1380
933	1166
935	5	638	706	810	839	1218	1306
936	41	70	100	125	199	229	489	491	546	607	667	834	963	1007	1053	1060	1135	1218	1401	1691	1702	1805	1992	2046	2339	2438	2478	2517
938	67	376	603	781	818	871	949	956	1323	1348	1688	1707	1914	2148	2289
939	246	456	2473
940	182	271	339	446	490	495	529	674	710	885	925	1044	1095	1348	1953	2030	2051	2390
941	818	977	1701
942	608	758	1333	1864	2191	2262	2268	2326
943	121	1696	2447
944	743	818	2262
946	1707
947	221	223	307	502	565	628	641	655	672	752	948	1011	1966	2060	2145	2270	2389
948	176	484	502	947	1348	1614	2270
949	94	99	221	589	710	781	925	938	956	1289	1766	1935	2185
950	920
951	502	553	717	1340	2210	2214
953	223	580	754	1015	1166	1323	1937
954	661	963	1545	2473
955	865	2078	2139
956	67	314	376	435	467	490	495	514	589	678	710	753	756	781	818	911	938	949	1014	1032	1289	1323	1331	1507	1766	1935	2097	2168	2185	2309	2466	2497	2520
958	102	177	386	928	1017	1353	1708	2371	2410	2529
959	197	1828	2032	2196
960	983
961	818
962	1899	2267	2272
963	22	158	187	252	313	391	398	482	522	637	729	766	818	890	893	936	954	1029	1037	1201	1281	1305	1318	1765	1806	1845	2030	2146	2162	2250	2311	2439	2459
966	162	215	818	1340	2193	2359	2472
968	892	1094
969	1606
970	201	2445
971	1136
972	818	1358	1407
973	638	700	862	882	1095	1178	1182	1268	1340	2156	2312
974	16	52	71	135	194	273	551	603	608	708	1179	1225	1340	1729	2096	2364	2504
975	586
976	916	2428
977	941
978	818	882	2408
980	209
981	452	1018	1293	1550	1657	2023
982	67	90	170	201	329	394	405	450	646	715	794	830	868	928	1023	1139	1152	1201	1260	1358	1402	1675	1864	1913	1934	2023	2056	2277	2351	2371	2381	2406	2465	2472	2550
983	912	960	1093	1127	1971
984	2148	2293
985	213	597	748	818	1042	1323	1753
986	555	734	1550	1818
987	1218	1691	2015
988	105	120	236	264	325	458	555	695	919	1225	1330	1354	1721	1754	1881
989	503	818	1133	1942	1978	2133
990	1516	1956
992	3	240	520	531	758	830	859	869	892	924	1031	1260	1313	1506	1637	1752	1909	1946	1987	2164	2364	2390	2402	2452
993	68	122	1055	1194	1562
994	21	2120
995	689	904	997	1144
996	3	28	97	162	163	235	758	818	1124	1283	1905	2414	2447
997	247	314	378	543	545	818	995	1319	1705	1786	2030	2045	2364
998	467	754	818	1166	1937
999	162	220	250	291	339	478	882	1343	2223	2237	2273	2375
1000	614	634	1823
1001	223	1166	1323	2138
1002	1044	1095	1213	1340	2030
1004	344	877	2255	2489
1005	1154
1006	169	1062	1309	2175	2211
1007	70	96	110	122	125	138	175	394	607	895	936	1053	1060	1218	1337	1355	1401	1702	1748	1845	2339	2459	2478	2517
1008	287	1101	1353	2346	2351
1010	160	221	289	297	354	484	502	641	647	659	909	1011	1013	1019	1127	1454	1469	1782	1836	2037	2204	2242	2389
1011	107	114	160	221	289	354	502	565	627	628	647	672	704	752	803	818	907	909	947	1010	1013	1127	1145	1374	1454	1469	1598	1614	1782	1836	2037	2099	2389
1012	811
1013	149	221	289	354	502	565	628	641	647	672	757	803	907	909	1010	1011	1061	1076	1109	1148	1149	1253	1304	1348	1374	1782	2060
1014	32	105	232	271	314	359	467	495	514	574	578	589	593	753	756	781	911	925	956	1289	1411	1507	1526	1646	1766	1776	1935	1953	1968	2041	2080	2123	2185	2289	2309
1015	953	1166
1016	322
1017	502	653	715	818	928	958	1353	1646	2045	2285	2434	2465	2529
1018	67	187	250	339	466	818	981	1538	2095	2226	2526
1019	179	221	277	289	328	565	659	803	858	909	1010	1084	1329	1374	1428	1836	1973
1021	14	502	1263	2406	2447
1022	176	547	714	771	810	1476	1586	1648	1818	2277	2481
1023	824	982	1373	1415	2180	2536
1024	159	1662
1025	27	696	836	1281	1865
1026	818	1181	1254	1698	1969
1027	2262
1028	35	57	70	121	133	215	416	546	634	725	1253	1355	1430	1691	1759	1800	1816	1995	2476	2510
1029	963	1418	1991	2194
1030	393
1031	992	1070	1332	1830
1032	956
1033	74	440	708	1562
1034	154	414	595	1818	2357
1036	3	26	1161	2022
1037	57	163	198	330	554	748	784	808	818	963	1385	1468	1502	1630	2148
1038	52	339	1166	1291	1376	2148
1039	41
1041	818
1042	171	215	409	489	725	739	818	901	985	1055	2139	2510
1043	587	591	818
1044	376	435	685	869	940	1002	1095	1576	1586	1727	1824	1924	2401
1045	7	95	286	362	431	758	1213	1662	1860	2262	2408	2526
1046	133	306	2223
1047	599	818	1873
1049	818	1688	2030	2096
1050	358	414	442	799	818	863	1434	1673	1870	1873	2030	2171	2436
1051	96	1826
1053	68	70	121	122	607	657	895	936	1007	1060	1229	1355	1732	1917	1999	2023	2334	2416	2517
1055	122	725	810	993	1042	1818	2277
1056	122	204	536
1057	577	1166	1214	1868
1058	458
1060	110	394	895	936	1007	1053	1702	2517
1061	149	221	672	907	1013	1109	1304	1966	2376	2416
1062	144	169	336	1006	1148	1554	2211
1063	376	1507	2146	2419	2465
1068	1190	2203
1069	277	406	446	509	1329	1435	2146	2493	2497
1070	418	527	1031	2188	2327
1071	1349
1072	1657
1073	211	232	1761
1074	58	83	105	236	264	272	531	555	577	1225	1330	1337	1349	1368	1721	1754	1863	1881	2148	2309
1075	818	2197
1076	243	803	815	818	1013	1288	1358	1554	1860
1077	1110
1078	20	1181
1079	1753	1851	2272
1080	421	1509
1081	872	1247
1083	1158	1215	1431	1564
1084	179	307	446	586	659	1019	1110
1085	236	586	636	660	695	855	1330	1337	1472	1973
1087	818
1088	5	818	1136	2308
1089	91	245	519
1090	1935
1091	435	1144	1353	1421	2262
1092	103	287	564	818	2275
1093	38	160	221	627	628	647	701	757	838	983	1127	1614	1667	1720	1870	1966	2060	2099	2145	2389	2433
1094	818	871	968	1873
1095	123	459	467	514	566	603	724	940	973	1002	1044	1113	1197	1254	1586	1647	1694	1759	1787	1832	1863	1953	1977	2185	2214	2359	2381	2398	2491
1096	475	656	1963	2286
1097	541
1098	748	818	2143
1099	313	880	1211	1317	1701
1100	461	1988
1101	226	447	640	858	1008	1135	1362	1550
1102	748
1103	1628
1104	2225
1105	1625	1697
1106	360	592	640	840	1362	1502	1648
1107	305	396	518	758	1228	1420	2262
1109	289	502	641	647	672	803	1013	1061	1280	1614	2037	2060	2099
1110	14	1077	1084
1111	1112	1461
1112	362	882	1111	1586	1634	1868	2216	2322	2371
1113	818	1095	1197	1945
1114	24	1605
1115	751	1147
1116	305	818	1569	2364	2407
1117	86	206	726	1550	1685
1118	1	98	382	560
1119	1900	2376
1121	394	398	634	725	739	823	858	1550	1668	1800	1816	1865	2023	2286	2424	2459	2508	2530
1122	527	2526
1123	105	223	236	1166
1124	996	2229	2418
1125	33	1175	2173	2360	2544
1126	159	446	2357	2495
1127	97	149	160	221	502	627	652	732	752	983	1010	1011	1093	1149	1280	1323	1614	1720	1782	2037	2060	2389
1129	882
1130	502	1253
1131	3	92	1508
1132	711	788	1358
1133	362	818	827	989	2133
1134	464	1426
1135	24	41	96	100	125	158	229	398	489	546	573	834	936	1101	1355	1401	1702	1748	2101	2301	2478	2517
1136	699	818	971	1088
1137	1816	2183
1138	221	484	628	1144	1586	2145	2231	2270	2364
1139	405	620	638	715	868	928	982	1152	1218	1353	2357	2465	2536	2550
1140	172	650
1142	2434
1143	364	818
1144	3	52	243	269	542	603	653	689	700	719	748	758	795	810	812	818	829	859	874	995	1091	1138	1167	1268	1332	1347	1606	1647	1839	2275	2277	2465	2469
1145	114	160	221	289	354	502	752	907	909	1011	1454	1782	2242
1147	751	818	1115	1686
1148	186	897	1013	1062	1342
1149	221	362	502	627	655	1013	1127	1167	1391	1720	2037
1150	1691
1151	453	907	1155	1253	1425	1469
1152	445	715	833	868	928	982	1139	2023	2465	2536
1153	697
1154	818	1005	1214
1155	502	907	1151	1374	1469
1156	124	288	533	696	1380	1386	1690
1157	698
1158	1083	1564
1159	1482
1161	83	95	105	164	259	503	571	828	919	1036	1186	1574
1163	292	899	1641	1886	2285
1164	502	855	901	2394	2519
1165	3	92	213	243	321	330	414	443	508	549	602	706	718	759	825	875	1283	1333	1461	1508	1864	1905	2074	2390	2420	2423
1166	52	53	223	271	462	484	513	558	577	580	599	748	754	773	861	933	953	998	1001	1015	1038	1057	1123	1307	1587	1632	1729	1863	1868	1937	1962	2096	2138	2261	2289	2451	2453
1167	149	641	752	859	1144	1149	2248	2260
1170	67	96	158	162	179	229	243	279	292	394	555	692	895	916	1180	1328	1337	1355	1548	1550	1554	1561	1696	1748	1821	2023	2148	2223	2286	2351	2359	2378	2387	2406	2508	2517
1171	154	1805
1173	412
1174	158	729	734	834
1175	33	853	1125	1360	1418	2150	2173	2186	2194	2234	2544
1176	748	1724
1177	784	1298	1365	2310	2327
1178	305	313	362	465	674	973	1507	1898	2156	2262
1179	974	1283	1313
1180	99	125	247	275	311	1170	1702	1860	2262	2493
1181	172	748	818	1026	1078	1330	2250
1182	213	539	758	818	874	973	1295	1302	1868	2271
1183	451	1798
1184	97	1552
1185	244	732	1359	1714	2327
1186	21	25	144	239	339	525	748	882	1161	1905	2262
1187	869	2406
1188	1201	1871
1190	818	872	1068	2288
1191	652
1193	529
1194	133	993
1196	495	781
1197	396	603	748	818	1095	1113
1198	1384
1199	1707
1201	124	483	818	928	963	982	1188	1471
1202	882
1203	882
1204	144	296	907	1356	1466	1477	1509	2316
1205	243	818
1206	175	330	1260	1988	2339
1207	1563	1731	1888	2311	2439
1208	2400
1209	152	505	1529	2288
1210	148	1401	2046
1211	45	120	818	1099	1225	1357	1376	2070	2185
1212	3	484
1213	899	1002	1045	1340	1587	2034	2214	2525
1214	1057	1154
1215	54	1083	1564	2346
1218	100	165	634	667	935	936	987	1007	1139	1253	1277	1538	1995	2286	2459	2536
1219	120
1220	236
1221	178	305	525	587	2364
1222	421	858	1744	1748	2023	2385
1223	422	563	1942	2123	2260
1224	2033
1225	105	149	531	818	919	974	988	1074	1211	1349	1368	2197
1226	179	431	1330	1343
1227	81
1228	305	400	435	571	674	818	865	1107	1254	1409	1420	1713	1727	1788	2116	2262
1229	1053	2517
1230	117	158	175	788
1231	1689
1232	882	2030
1234	362	748	818	1750
1235	603	748	818	1323	1688	2096
1236	2124	2379
1237	288	2287
1238	243	330	779	1830
1239	818
1240	289	502	895	916	2062
1241	784	2370
1243	552
1245	2148
1246	442	749	1445	1549	1847	2171	2398
1247	163	312	1081	1402	1427	1691	1696	2131
1248	2157	2251
1249	504	818	1751	1818	2372	2465
1250	534	653	1678
1251	108	880	1460	1486	2232
1252	1396
1253	30	85	163	175	220	502	565	757	818	880	882	922	926	1013	1028	1130	1151	1218	1355	1425	1973	2146	2211	2217	2320	2334
1254	50	123	277	286	313	327	333	339	396	435	453	663	864	1026	1095	1228	1860	1898	2262	2340
1255	170	229	607	638	1698	2319	2339	2536
1256	818
1257	394	895
1260	90	124	218	275	305	339	394	450	456	646	664	818	830	928	982	992	1206	1358	2124	2213	2364	2462
1261	405
1262	915
1263	420	555	923	1021	1723
1264	456
1265	3	21	290	362	583	743
1266	748	818
1267	2124
1268	19	239	396	442	495	674	714	758	779	805	882	973	1144	1340	1412	1728	1876	2293	2328
1269	709	818	1594	2288	2337
1270	818	2437
1271	1783	2280
1272	1515
1274	495	781	818
1275	2348
1276	164	818	1788	2116
1277	374	405	1218	1349	1748	2520
1278	92	243	1884
1279	334	1281
1280	502	639	907	1109	1127	1836	2060
1281	818	963	1025	1279
1282	2375
1283	603	996	1165	1179
1286	308	393	407	765	818	1761	2357
1288	305	313	339	543	587	818	882	1076	1729	1860	2022	2262	2525
1289	108	314	355	467	578	589	831	911	949	956	1014	1323	1766	1935	2185	2207
1291	884	1038	1368	2098	2294
1292	292	818
1293	261	592	600	818	916	981	1741	1896	2023	2538
1294	626
1295	213	539	1182	1302
1297	339
1298	3	92	527	1177	1508	1755
1299	176
1300	150	163	715	718	758	818	824	899	2357	2480
1301	555	2223
1302	213	539	1182	1295
1303	123	239	396	2277
1304	38	221	289	502	628	752	1013	1061	1374	1966	2037
1305	106	963	1514	1806
1306	818	935	1627	1670	2529
1307	52	1166	2364
1308	162	179	183	277	328	692	818	858	1446	1696	2023	2108
1309	162	169	453	1006	2175
1311	543
1312	2093
1313	992	1179
1315	250	818	1646
1317	220	1099	2031	2360	2436
1318	328	963	2439
1319	314	443	920	997	1402	1637	1843
1320	41	547
1321	203	229	605	676	1401	1963	2301
1323	4	105	108	134	158	160	252	310	324	352	355	376	462	467	484	490	515	542	574	578	580	593	678	679	681	704	712	753	754	756	796	824	847	861	871	882	911	912	915	925	938	953	956	985	1001	1127	1235	1289	1348	1366	1504	1507	1669	1706	1766	1776	1809	1832	1937	1954	1968	2097	2108	2138	2141	2168	2209	2211	2289	2309	2365	2453
1325	19	818	833
1326	117	818
1327	818	1962
1328	179	757	858	882	1170	1554	1696	1724	2434	2473
1329	586	1019	1069
1330	85	164	179	406	458	555	586	912	919	988	1074	1085	1181	1226	1337	1343	1368	1513	1527	1633	1673	1839	1891	2197	2436
1331	956	1935	2185
1332	1031	1144
1333	216	247	942	1165	1344	1415	2006	2364	2423	2493
1335	138	715	880	2116
1336	304	2092
1337	83	96	162	236	264	458	555	586	612	660	688	695	790	1007	1074	1085	1170	1330	1343	1349	1355	1368	1554	1573	1696	1742	1911	2023	2197	2378	2540	2543
1338	286	818	1920
1340	21	52	67	81	83	99	141	192	220	233	264	292	303	314	317	339	362	495	502	548	553	603	608	708	717	743	862	916	951	966	973	974	1002	1213	1268	1373	1391	1688	1701	1707	1729	1795	1860	1863	1881	1882	1898	1926	2043	2089	2148	2210	2214	2283	2357	2390	2406	2411	2497	2507	2525
1341	484	818
1342	38	85	158	162	306	628	641	647	661	688	752	895	1148	1356	1616	1725	2099	2242
1343	97	146	158	179	421	841	858	999	1226	1330	1337	1696	2023	2148	2501	2514
1344	179	543	1333
1345	1637
1346	118	1996
1347	247	818	1144
1348	67	289	374	502	529	748	756	817	938	940	948	1013	1323	1776	1857	2037	2209	2242	2520
1349	236	458	531	660	688	695	1071	1074	1225	1277	1337	1573
1350	818	885
1351	529
1352	563
1353	162	216	666	715	818	918	928	958	1008	1017	1091	1139	1420	2465	2529
1354	151	236	264	531	543	548	555	748	988	1898	2423
1355	96	121	138	162	279	394	475	478	611	614	634	667	858	868	895	1007	1028	1053	1135	1170	1253	1337	1356	1554	1691	1756	1816	2130	2160	2246	2273	2291	2406	2459	2517
1356	882	1204	1342	1355
1357	285	471	501	799	1211	2172	2522
1358	90	184	218	243	446	492	664	748	972	982	1076	1132	1260	1599	1803	1996	2124	2213	2268	2271	2462
1359	853	905	1185	1399
1360	33	784	1175	2173	2370	2544
1361	1991
1362	564	818	840	1101	1106	1502	1602	1648
1364	2285
1365	244	643	905	1177	2232
1366	83	236	264	513	1323	1374	1857	1881	2520
1367	405	725
1368	105	1074	1225	1291	1330	1337	1407	2197
1369	243
1372	706	901	1474	1482	2277	2543
1373	50	52	83	192	339	455	548	553	717	899	1023	1340	1391	1435	1545	1729	1876	1916	2210	2283	2371	2406	2502	2525
1374	38	154	206	221	289	354	362	502	565	628	641	647	672	704	757	803	1011	1013	1019	1155	1304	1366	1836	2037	2099	2231	2270	2514
1375	225	710	831	1857
1376	261	818	1038	1211	1701	2051	2262
1377	855
1378	748	1467	1703	2364
1380	931	1156	2201	2331
1381	648
1384	72	273	1198	2020	2071
1385	152	615	736	1037	1452	2492
1386	288	758	1156	1751
1387	11	62	874	879	2296	2493
1388	638	810	882	1760
1390	374	515	678	1852	1935
1391	83	314	502	548	553	580	628	695	704	717	748	1149	1340	1373	1415	1646	1729	1881	1914	1966	2210	2214	2319	2390
1392	1707
1393	1693
1395	305	435	587	674	758	818	1860	2262	2381
1396	40	818	1252	1438	2364
1397	2075
1398	818
1399	140	163	483	1359	1830	1841
1401	24	41	70	100	125	203	229	414	489	494	546	605	607	676	936	1007	1135	1210	1321	1702	1963	2083	2090	2144	2301	2438	2478	2543
1402	201	514	818	982	1247	1319	1864	2262	2346	2357
1404	52	239	396	818	1927
1407	818	972	1368	1641	2371
1408	481
1409	21	529	1228	2262	2492
1410	305
1411	781	847	1014	1953
1412	758	1268
1413	818
1414	151	435	569	818	1750	1860	2247
1415	1023	1333	1391	1936	2268
1416	398
1417	879
1418	1029	1175	2194	2387
1420	305	435	587	882	1107	1228	1353	1438	1546	1597	1713	1814	2116	2262	2484
1421	1091	2214
1425	21	502	810	907	1151	1253	1966	2270
1426	1134	1554
1427	158	1247	2027
1428	35	167	179	277	307	555	1019	1550	2143	2292
1429	541
1430	1028	1759
1431	1083	1633
1432	1709
1434	111	442	877	1050
1435	163	803	866	1069	1373	1701	1914	1947	2406	2526
1438	146	691	1396	1420
1439	568	2098
1440	103	2268
1441	748	758	818
1443	926
1445	1246
1446	598	818	890	1308	2108	2473
1447	415
1450	797
1451	32	2196	2419
1452	393	818	836	1385	2492
1453	1608
1454	149	221	289	502	647	752	803	909	1010	1011	1145	1725	1836	1973	2099
1455	631
1456	1708
1457	271	529	579	1914	2309
1459	215	492	1691	2273
1460	914	1251
1461	246	818	1111	1165
1462	2288
1463	818	2268
1464	391
1466	618	916	1204
1467	1378
1468	247	275	818	1037
1469	221	289	354	502	641	647	803	907	1010	1011	1151	1155	2099
1470	76	748	1575	1835
1471	884	1201	2216
1472	1085
1473	2405
1474	1372	2465	2536
1475	244	1533	2509
1476	818	1022
1477	667	1204	2345	2459
1478	905	1599
1479	152	2288
1482	265	279	818	1159	1372	1538	2543
1483	2416
1484	482	633
1485	330
1486	1251
1487	813	877
1488	519
1490	1962
1491	2306
1492	1607
1496	393	1630
1497	443	708	748
1498	1599
1499	821	898	930
1500	882
1502	6	360	840	1037	1106	1362	1545	1586	1648	1714
1504	376	603	710	1323	1935	2185
1506	992
1507	243	304	372	467	495	781	801	956	1014	1063	1178	1323	1935	2185	2309
1508	3	92	596	815	1131	1165	1298
1509	1080	1204	1995
1511	818	2268
1512	818	1860
1513	502	1330
1514	1305
1515	231	452	1272	1821	2182
1516	77	163	990
1517	382	511	689	2164
1518	1560
1519	495	781	882	1758	1935
1520	2467
1523	76	119	797	1939	2364
1524	514	593	818	1935
1526	529	781	831	1014	1776	1935	2207
1527	502	1330	2197
1528	1824
1529	134	495	1209	1935	2123
1530	162	1744	2375
1531	2277
1532	243	907
1533	22	1475	2033	2345
1535	748
1536	379	443	714	818
1537	818
1538	413	595	634	818	1018	1218	1482
1539	818
1540	571	758	892	1544	2253	2401
1541	2048
1543	162	502	2032
1544	339	435	587	743	882	1540	2262
1545	288	502	818	954	1373	1502	1586	1648
1546	95	748	818	1420	1547	2445
1547	124	818	1546	1764	2381
1548	1170	1866	2015
1549	671	871	1246	1893	2171	2398
1550	77	86	158	162	179	312	394	428	431	447	492	600	858	895	981	986	1101	1117	1121	1170	1428	1685	1696	1828	1856	2146	2286	2506	2517
1551	50	339	587	882	2262
1552	1184	2080
1554	236	312	555	647	916	1062	1076	1170	1328	1337	1355	1426	1580	1691	1696	1760
1555	882
1558	2333
1559	2267
1560	635	1518	1700	1731
1561	85	179	1170	1870
1562	68	122	993	1033	1697	1788	2356
1563	1207
1564	54	1083	1158	1215
1566	274	818	861	2040	2414
1568	305
1569	1116	1751	1913	2472
1571	243
1572	395	768	1741	1765	2361
1573	264	458	513	695	1337	1349
1574	95	818	919	1161	1593	1622	2010	2445	2472
1575	76	748	1470	1835
1576	529	1044
1578	2167
1580	172	841	1554	2082
1581	882
1582	2154
1583	1586	2457
1585	202	1852	2332	2471
1586	93	247	339	818	819	1022	1044	1095	1112	1138	1502	1545	1583	1860	2116	2118	2262	2381	2500
1587	108	1166	1213	1916
1588	168	529	818	2492
1591	502	2248
1592	1985	2067
1593	154	1574	1782
1594	739	1269
1595	287	504
1596	2262
1597	534	700	1420
1598	21	70	672	863	1011
1599	67	330	502	1358	1478	1498	2022	2526
1601	813	877
1602	176	555	652	665	799	1362	2098
1603	2333
1604	379	818
1605	1114
1606	248	282	339	417	426	543	587	603	969	1144	1707	1860	1934	1965	2059	2262
1607	1492
1608	1453	2173
1610	1733	1885
1611	603	2167
1612	563	1874	2492
1614	35	114	149	180	502	627	628	641	647	701	752	757	912	948	1011	1093	1109	1127	1966	2060	2099	2300	2389	2433
1615	823	1769	1959	2454	2503	2510
1616	1342
1617	243
1620	175
1621	362	1650	1711	1972	2167
1622	818	1574
1623	781	2262
1624	163	555
1625	343	398	725	1105	1765	1820
1626	41	344
1627	484	689	818	1306	2371
1628	66	328	332	1103	2376
1629	495	781	818	885	2471
1630	818	836	1037	1496	2426	2492
1632	580	1166
1633	523	798	1330	1431
1634	818	918	1112	1905	2481
1635	396	407	1950
1637	992	1319	1345
1639	295
1640	926
1641	163	288	431	700	715	1163	1407	1646	2357	2371	2465
1642	162	502
1644	1944
1646	35	410	424	453	502	696	819	873	1014	1017	1315	1391	1641	1707	1953	2390
1647	170	217	882	1095	1144	2164	2202	2469
1648	121	312	331	360	592	600	840	890	891	1022	1106	1362	1502	1545	1765	2146	2465	2540
1650	1621	2294	2416
1651	215
1656	2030
1657	981	1072	1735	2509
1660	257
1662	453	1024	1045	2408
1663	372	467	495	818	882	885	2171	2185
1667	1093
1668	138	820	1121	1818
1669	52	882	1323	2364
1670	547	1306
1671	882	2406
1672	409
1673	358	442	591	863	871	897	1050	1330	1873	2106	2398
1674	1958	2147
1675	982
1676	90
1677	1702	1820
1678	1250
1680	295
1681	209	502	1836	1891	2497
1682	140
1683	32	372	495	2053	2207	2278
1684	378
1685	873	1117	1550
1686	818	1147
1688	52	120	272	708	938	1049	1235	1340	1729
1689	1231
1690	70	100	179	489	725	1156
1691	163	215	936	987	1028	1150	1247	1355	1459	1554
1693	495	514	1393
1694	1095	1698	2403
1695	60	97	818	882	2116
1696	121	144	162	179	277	312	692	858	943	1170	1247	1308	1328	1337	1343	1550	1554	2034	2148
1697	534	644	661	725	762	802	818	1105	1562	1732	1805
1698	184	201	638	691	812	1026	1255	1694	1818	2327	2380
1699	286	333	337	435	467	495	514	818	847	882	1832	1860	2262
1700	635	1560
1701	67	886	941	1099	1340	1376	1435	2185
1702	125	181	489	828	936	1007	1060	1135	1180	1401	1677	2277	2301	2478	2517
1703	1378
1704	818
1705	818	997
1706	603	1323
1707	6	141	246	406	458	509	537	601	647	824	915	938	946	1199	1340	1392	1606	1646	1718	1721	1941	2053	2077	2091	2151	2319	2447	2513
1708	958	1456	2334
1709	1432
1710	751	2212
1711	1621	1808	1972	2426	2492
1713	278	286	305	400	407	587	758	1228	1420	1788	1860	1956	2262	2364
1714	1185	1502	2032
1715	467
1717	2167
1718	818	1707
1719	889
1720	180	354	502	627	1093	1127	1149	2060
1721	222	236	531	818	988	1074	1707
1723	1263
1724	484	732	1176	1328	1998
1725	149	502	752	851	1342	1454	2242
1727	305	435	465	587	882	1044	1228	1788	1956	2262
1728	920	1268	2457
1729	52	113	272	303	432	484	708	717	769	809	899	919	974	1166	1288	1340	1373	1391	1688	1916	2096	2210	2502	2525
1730	305
1731	635	1207	1560	2502
1732	70	279	296	343	1053	1697
1733	696	740	1610
1734	2365
1735	520	818	1657
1736	587
1738	818
1739	78	163	758
1740	528	738
1741	882	1293	1572
1742	1337	2432
1743	397	818	878
1744	421	1222	1530	2395
1745	2132
1747	2192
1748	96	110	858	1007	1135	1170	1222	1277	2351	2478
1750	1234	1414
1751	279	504	778	1249	1386	1569	2464
1752	247	290	362	992	2364
1753	985	1079	2117	2272
1754	164	313	988	1074
1755	1298	1985
1756	391	413	734	1355	1800
1757	2223
1758	314	495	885	1519	1776	1860	2497
1759	133	136	215	220	555	1028	1095	1430
1760	330	1388	1554	2261
1761	407	1073	1286
1762	818
1763	327	558
1764	882	1547	2030	2123	2340	2381
1765	481	629	725	762	768	963	1572	1625	1648	2216
1766	211	314	359	514	589	724	781	925	949	956	1014	1289	1323	1857	1935	2309	2497
1768	322	1934	2025
1769	1615
1772	1818
1774	2276
1775	286	2364
1776	495	529	1014	1323	1348	1526	1758	1935
1777	163
1778	402	443
1782	221	289	354	502	647	752	907	909	1010	1011	1013	1127	1145	1593	1966	2037	2242	2389
1783	1271
1784	818
1786	997
1787	393	1095	2222
1788	10	305	400	435	465	587	674	720	818	882	920	1228	1276	1562	1713	1727	1804	1814	1892	2016	2066	2262	2408
1791	2411
1792	26
1793	443	708
1795	247	378	1340
1796	422	818
1797	2371	2480
1798	303	451	545	1183
1799	435	443	465	518	587	2403
1800	172	398	734	1028	1121	1756
1801	2311
1802	1897	2075
1803	1358
1804	11	516	709	1788	2247	2288
1805	138	343	583	634	936	1171	1697	2129	2517
1806	963	1305
1807	865
1808	212	480	567	798	898	1711	1972	2167	2417
1809	1323
1810	818
1814	305	581	882	1420	1788	1892	2116	2262	2381
1815	750
1816	138	162	274	279	398	634	640	1028	1121	1137	1355	2246
1817	1961
1818	162	170	243	314	461	852	902	986	1022	1034	1055	1249	1668	1698	1772	1930	2180	2322	2327	2444
1819	31	209	502	702	871	923
1820	1625	1677
1821	231	394	452	492	584	895	1170	1515	2173	2182	2273	2517
1823	398	634	1000
1824	0	50	333	339	529	587	1044	1528	1860	2262
1825	124	456	818
1826	100	1051
1827	414	603	818	2317
1828	732	818	959	1550	2259
1829	1950
1830	1031	1238	1399
1832	529	779	1095	1323	1699	2185
1833	882	2236
1835	674	1470	1575
1836	289	476	502	641	647	752	803	907	1010	1011	1019	1280	1374	1454	1681	1973
1837	2503
1838	2167
1839	201	818	882	1144	1330	2372	2483
1840	821
1841	1399	1860
1843	882	1319
1845	133	656	963	1007
1846	818
1847	152	1246	2288
1848	529	1899
1849	715	1887	2327
1850	748
1851	1079
1852	1390	1585
1853	502
1855	2359
1856	489	555	1550	1870
1857	67	679	753	1348	1366	1375	1766	1935	2320
1858	818
1859	282	814
1860	45	141	250	389	408	720	758	771	864	869	1045	1076	1180	1254	1288	1340	1395	1414	1512	1586	1606	1699	1713	1758	1824	1841	1864	1924	2108	2247	2262	2370	2381	2386
1863	108	553	661	715	1074	1095	1166	1340	1881	2283	2303	2411
1864	138	339	874	882	899	916	942	982	1165	1402	1860	1897
1865	35	144	398	634	836	858	1025	1121	2146
1866	1548
1868	305	407	445	1057	1112	1166	1182
1870	652	1050	1093	1561	1856	1966	2300	2324
1871	1188
1873	145	253	341	358	420	442	671	789	863	871	882	1047	1050	1094	1673	1893	1939	2171	2338	2398	2401
1874	1612	2060	2288	2492
1876	379	455	1268	1373
1878	58	239	305	674	2156	2167	2262
1879	818	882
1880	32	372	2419
1881	236	548	988	1074	1340	1366	1391	1863	1898
1882	1340	2183
1883	882	2262
1884	1278
1885	41	1610	1985	2105
1886	709	928	1163	2540	2550
1887	488	1849
1888	1207	2311	2439
1889	2441
1891	111	387	813	877	882	923	1330	1681	1935	2098	2193	2364	2447
1892	1788	1814
1893	442	871	1549	1873	2398
1894	2167
1896	22	555	1293
1897	1802	1864
1898	83	105	303	396	548	769	1178	1254	1340	1354	1881	2205
1899	962	1848
1900	228	1119
1904	423	697	818
1905	103	108	215	407	446	608	753	810	996	1165	1186	1634	2465
1907	728	867
1908	288	643	818	2102	2287
1909	992
1910	818
1911	1337
1912	2469
1913	23	715	882	928	982	1569	2133	2148	2277	2472
1914	144	259	550	770	938	1391	1435	1457	2146
1915	395	2294
1916	52	161	708	769	1373	1587	1729	2303
1917	1053	2144
1918	131	219
1919	453	743	2262
1920	1338
1921	719
1922	174	252	495	818
1924	286	495	781	847	915	1044	1860	2262
1925	209	813
1926	83	818	1340
1927	19	345	1404
1930	331	1818
1931	818
1932	297
1934	61	297	330	545	764	849	868	900	928	982	1606	1768
1935	17	108	224	295	304	314	376	467	495	514	574	578	589	642	678	710	736	753	781	801	831	847	911	925	949	956	1014	1090	1289	1331	1390	1504	1507	1519	1524	1526	1529	1766	1776	1857	1891	1953	1966	1990	2097	2104	2168	2185	2209	2212	2231	2289	2309
1936	731	1415
1937	580	752	754	953	998	1166	1323	2138	2185	2497
1938	43	413
1939	76	119	818	1523	1873	1972
1940	739	766
1941	1707
1942	0	97	989	1223
1944	620	1644
1945	1113
1946	992
1947	1435	2493
1948	422	724	2133
1949	322	325	2128
1950	268	1635	1829
1952	818
1953	495	940	1014	1095	1411	1646	1935	2185
1954	748	818	1323
1955	192	443	689	2262
1956	77	519	818	990	1713	1727	2106	2128
1957	334	500
1958	418	1674
1959	823	1615
1960	871
1961	818	1817
1962	1166	1327	1490
1963	38	203	229	283	502	605	1096	1321	1401	2286
1964	2173	2186
1965	32	1606	2419
1966	114	159	176	502	627	647	752	838	947	1061	1093	1304	1391	1425	1614	1782	1870	1935	2060	2248
1968	1014	1323	2185
1969	614	1026
1970	326	2000
1971	890	983
1972	212	341	383	480	1621	1711	1808	1939	2167	2417
1973	289	502	1019	1085	1253	1454	1836	2270
1976	2465
1977	1095
1978	243	818	989
1982	362	794	845	865	2022	2357
1984	7	743	818
1985	1592	1755	1885
1986	2297
1987	992
1988	518	539	849	1100	1206	2124	2271	2423
1990	314	467	514	781	1935
1991	914	1029	1361
1992	895	936
1995	96	394	895	1028	1218	1509	2446	2483
1996	61	118	765	1346	1358	2243
1997	603	818	882	2262	2364
1998	142	149	484	502	641	752	803	1724
1999	1053
2000	1970
2001	402	818
2002	601
2003	818
2004	482	633
2006	1333	2468
2008	515	722
2010	339	863	1574
2013	618
2014	2506
2015	818	987	1548
2016	1788	2187
2017	830	2139
2020	1384	2314	2400
2021	739
2022	689	818	1036	1288	1599	1982	2408
2023	22	96	121	158	162	220	292	452	612	634	657	667	715	858	916	928	981	982	1053	1121	1152	1170	1222	1293	1308	1337	1343	2273	2343	2406	2465	2520	2550
2024	50	356	514	882	2262
2025	1768
2027	394	492	1427	2106	2494
2028	495	2262
2030	97	123	362	385	453	696	786	818	846	882	940	963	997	1002	1049	1050	1232	1656	1764	2116	2236	2311	2451
2031	1317
2032	283	323	661	959	1543	1714	2047
2033	1224	1533
2034	1213	1696
2035	2201
2036	526	2364
2037	289	306	354	502	565	627	641	647	752	803	909	1010	1011	1109	1127	1149	1304	1348	1374	1782	2060	2242	2376	2389
2038	818
2039	243	2316
2040	702	818	877	1566	2398	2447	2484
2041	32	514	529	1014	2419
2043	216	1340
2044	343	725
2045	928	997	1017	2357	2493
2046	414	936	1210	2246
2047	667	2032
2048	413	729	1541	2439
2049	212
2050	646
2051	801	925	940	1376
2053	502	797	1683	1707
2055	109	339	714	831	911
2056	982	2307
2059	270	1606
2060	221	354	446	502	565	627	628	752	803	947	1013	1093	1109	1127	1280	1614	1720	1874	1966	2037
2062	314	518	1240
2065	587	818	2262
2066	1788
2067	772	804	1592
2068	2167
2070	331	1211
2071	1384
2073	126	456	2224
2074	321	1165
2075	1397	1802
2076	443	2199
2077	1707
2078	955
2079	461	858
2080	94	885	1014	1552
2082	1580
2083	229	1401
2085	261
2089	818	1340	2214
2090	1401
2091	599	601	703	1707
2092	1336
2093	1312
2094	732	915
2095	199	466	818	1018
2096	432	974	1049	1166	1235	1729	2525
2097	0	587	956	1323	1935	2104
2098	453	555	1291	1439	1602	1891
2099	38	160	289	354	446	502	627	641	752	838	1011	1093	1109	1342	1374	1454	1469	1614	2389
2100	219
2101	573	1135	2262
2102	818	1908
2104	1935	2097
2105	244	891	1885
2106	358	780	1673	1956	2027
2108	144	183	1308	1323	1446	1860
2110	2167
2111	818	2480
2113	861
2115	2167
2116	271	305	339	453	542	742	819	1228	1276	1335	1420	1586	1695	1814	2030	2118	2123	2455
2117	1753
2118	1586	2116	2167
2119	818	2492
2120	994	2233
2121	234
2123	593	818	1014	1223	1529	1764	2116
2124	830	1236	1260	1267	1358	1988	2213	2271	2462
2125	743
2126	696
2128	1949	1956
2129	117	1805
2130	96	614	1355
2131	444	1247	2268
2132	1745
2133	424	570	989	1133	1913	1948
2136	2378
2137	768	2280	2385
2138	221	223	484	580	1001	1166	1323	1937	2190	2289
2139	715	955	1042	2017
2140	2464
2141	720	1323
2142	420
2143	158	726	818	880	1098	1428	2148
2144	1401	1917
2145	502	655	947	1093	1138	2270
2146	35	154	158	162	446	502	594	802	963	1063	1069	1253	1550	1648	1865	1914	2183	2334	2375
2147	571	758	1674
2148	3	67	162	314	495	574	938	984	1037	1038	1074	1170	1245	1340	1343	1696	1913	2143	2378	2447	2526
2149	411	421	518	597
2150	1175	2234
2151	502	1707
2154	1582
2156	751	758	973	1178	1878
2157	1248
2158	2196	2272	2416
2160	711	1355	2363	2529
2162	963	2311	2366	2439
2164	62	170	414	714	758	992	1517	1647
2165	818
2166	2486
2167	1	39	167	311	327	330	396	415	435	523	561	590	869	918	1578	1611	1621	1717	1808	1838	1878	1894	1972	2068	2110	2115	2118	2192	2336	2399	2479
2168	502	956	1323	1935
2169	2297
2170	485
2171	442	799	818	871	1050	1246	1549	1663	1873	2398
2172	696	1357	2240
2173	818	1125	1175	1360	1608	1821	1964	2194	2234	2387	2544
2175	169	1006	1309
2176	502
2177	100	427	581	834
2180	748	902	1023	1818
2182	138	231	452	1515	1821	2363
2183	882	1137	1882	2146	2277
2185	467	531	577	579	589	753	861	864	911	915	949	956	1014	1095	1211	1289	1331	1504	1507	1663	1701	1832	1935	1937	1953	1968	2309	2392
2186	1175	1964	2288
2187	714	818	2016	2262
2188	1070	2327
2189	415	818
2190	52	2138
2191	465	587	942
2192	882	1747	2167	2262
2193	52	318	928	966	1891
2194	446	1029	1175	1418	2173	2387
2196	661	873	959	1451	2158	2272
2197	111	236	818	919	923	1075	1225	1330	1337	1368	1527
2198	818
2199	210	818	2076
2201	1380	2035
2202	543	758	818	1647	2533
2203	1068	2444
2204	1010	2517
2205	222	1898
2207	32	495	529	1289	1526	1683
2209	1323	1348	1935
2210	83	548	717	882	951	1340	1373	1391	1729	2214	2406
2211	502	529	582	803	1006	1062	1253	1323
2212	1710	1935
2213	62	218	1260	1358	2124
2214	141	339	548	553	951	1095	1213	1340	1391	1421	2089	2210	2261	2406
2216	137	1112	1471	1765
2217	108	112	1253
2219	211	2402
2220	2454
2222	498	1787
2223	162	306	692	999	1046	1170	1301	1757	2232
2224	183	732	2073
2225	144	1104
2226	183	199	261	279	661	915	1018	2246	2473
2227	648	818	2416	2458
2229	1124
2230	31
2231	3	149	484	502	641	647	752	803	925	1138	1374	1935	2270
2232	1251	1365	2223
2233	172	412	502	2120
2234	33	1175	2150	2173	2544
2235	850
2236	665	1833	2030
2237	343	614	999
2240	564	818	872	2172	2435
2242	114	289	502	752	909	1010	1145	1342	1348	1725	1782	2037
2243	126	163	401	818	1996
2246	138	200	279	661	667	834	907	1355	1816	2046	2226	2360	2543
2247	11	587	882	1414	1804	1860	2262
2248	149	160	466	502	627	641	752	851	1167	1591	1966
2249	169
2250	138	328	335	364	766	963	1181
2251	167	1248
2253	1540
2254	818	2267
2255	31	1004	2362
2259	1828
2260	318	1167	1223
2261	484	553	899	1166	1760	2214
2262	59	132	227	234	250	270	278	295	327	328	376	408	435	543	571	587	663	720	758	771	801	864	865	869	918	942	944	1027	1045	1091	1107	1178	1180	1186	1228	1254	1288	1376	1395	1402	1409	1420	1544	1551	1586	1596	1606	1623	1699	1713	1727	1788	1814	1824	1860	1878	1883	1919	1924	1955	1997	2024	2028	2065	2101	2187	2192	2247	2281	2381	2386	2408	2430	2506
2263	895	903
2267	962	1559	2254
2268	0	103	818	942	1358	1415	1440	1463	1511	2131
2269	696	882	916	2406	2465
2270	149	180	484	628	752	868	907	947	948	1138	1374	1425	1973	2145	2231
2271	539	1182	1358	1988	2124
2272	235	962	1079	1753	2158	2196	2414
2273	96	146	692	999	1355	1459	1821	2023	2406	2508
2275	246	1092	1144
2276	1774
2277	250	339	982	1022	1055	1144	1303	1372	1531	1702	1913	2183	2465	2478	2526
2278	376	495	1683	2401
2280	215	1271	2137
2281	837	2262
2283	250	548	1340	1373	1863	2303
2284	21	186	358	400
2285	250	292	542	603	818	882	1017	1163	1364	2357	2465
2286	125	261	283	394	452	1096	1121	1170	1218	1550	1963	2351
2287	288	818	1237	1908
2288	152	709	1190	1209	1269	1462	1479	1804	1847	1874	2186	2337
2289	223	502	580	752	938	1014	1166	1323	1935	2138
2290	446	2416	2497	2535
2291	478	1355
2292	32	307	439	882	1428	2406
2293	818	833	984	1268
2294	134	1291	1650	1915
2295	853
2296	874	1387
2297	446	614	1986	2169	2319
2298	818
2300	162	502	1614	1870
2301	203	229	1135	1321	1401	1702
2302	818
2303	272	548	654	708	1863	1916	2283
2306	840	1491
2307	292	869	2056
2308	215	1088
2309	32	120	182	376	467	495	513	514	529	589	781	801	911	956	1014	1074	1323	1457	1507	1766	1935	2185	2471	2497
2310	784	818	1177	2327
2311	391	482	882	963	1207	1801	1888	2030	2162	2439
2312	862	973
2314	2020
2315	810
2316	1204	2039
2317	97	818	1827
2318	818
2319	111	909	1255	1391	1707	2297	2424
2320	1253	1857
2322	882	902	1112	1818
2324	1870
2326	556	818	882	942	2364
2327	170	418	696	1070	1177	1185	1698	1818	1849	2188	2310	2425
2328	1268
2329	2361	2400
2331	1380
2332	228	243	899	1585
2333	208	784	836	1558	1603	2492
2334	1053	1253	1708	2146
2335	877	882
2336	2167
2337	541	1269	2288	2472
2338	358	799	1873
2339	125	638	828	936	1007	1206	1255
2340	396	818	1254	1764	2381
2343	203	594	692	873	2023	2406
2344	2411
2345	350	489	1477	1533	2459
2346	1008	1215	1402
2348	750	1275
2349	715
2350	502	702	923	2414
2351	279	546	595	982	1008	1170	1748	2286
2356	21	68	98	290	339	818	879	1562
2357	137	216	250	292	405	431	548	571	758	793	829	916	928	1034	1126	1139	1286	1300	1340	1402	1641	1982	2045	2285	2364	2371	2434	2465
2359	22	277	452	502	503	614	878	966	1095	1170	1855	2406	2517
2360	1125	1317	2246
2361	383	1572	2329
2362	2255
2363	62	155	452	711	2160	2182
2364	3	52	93	270	305	314	330	336	352	384	386	518	542	569	621	689	700	713	718	775	811	875	889	924	974	992	997	1116	1138	1221	1260	1307	1333	1378	1396	1523	1669	1713	1752	1775	1891	1997	2036	2326	2357	2371
2365	818	1323	1734
2366	667	2162
2367	330	748	818	882
2368	343
2370	187	784	1241	1360	1860
2371	159	162	163	336	405	478	643	715	882	958	982	1112	1373	1407	1627	1641	1797	2357	2364	2406
2372	1249	1839
2375	200	818	999	1282	1530	2146
2376	328	912	1061	1119	1628	2037	2506
2377	246	832
2378	393	626	818	882	1170	1337	2136	2148	2477
2379	1236
2380	882	1698
2381	21	247	286	587	614	696	818	859	982	1095	1395	1547	1586	1764	1814	1860	2262	2340
2382	111	671	913	2447
2383	818
2385	421	768	818	1222	2137
2386	21	50	59	120	141	339	465	587	754	1860	2262
2387	629	818	1170	1418	2173	2194
2388	422
2389	160	289	354	627	757	838	909	947	1010	1011	1093	1127	1614	1782	2037	2099
2390	150	453	638	708	818	940	992	1165	1340	1391	1646
2391	514
2392	467	2185
2394	21	1164
2395	121	583	818	1744
2396	225	495
2397	62	547	709	791	826
2398	442	871	1095	1246	1549	1673	1873	1893	2040	2171
2399	674	786	818	2167
2400	72	1208	2020	2329	2480
2401	50	358	435	442	518	786	799	1044	1540	1873	2278
2402	992	2219
2403	694	818	1694	1799	2474
2405	330	1473
2406	35	138	170	179	250	503	553	639	715	858	869	982	1021	1170	1187	1340	1355	1373	1435	1671	2023	2210	2214	2269	2273	2292	2343	2359	2371	2465
2407	818	1116
2408	90	162	305	446	587	818	882	978	1045	1662	1788	2022	2262
2410	309	958
2411	303	1340	1791	1863	2344
2412	76	480
2413	243	2550
2414	235	274	702	818	996	1566	2272	2350	2447
2415	83	643
2416	176	199	280	335	388	555	655	689	856	886	1053	1061	1483	1650	2158	2227	2290	2444	2493
2417	523	1808	1972
2418	277	1124
2419	32	467	831	925	1063	1451	1880	1965	2041
2420	1165
2423	83	105	236	445	543	660	818	849	1165	1333	1354	1988	2444
2424	398	571	1121	2319	2444
2425	758	2327
2426	1630	1711	2492
2428	154	478	816	976
2429	57	85	554
2430	587	2262
2431	52	589	603
2432	707	1742
2433	1093	1614
2434	26	108	220	1017	1142	1328	2357
2435	2240
2436	21	160	672	818	912	1050	1317	1330
2437	1270
2438	882	936	1401
2439	963	1207	1318	1888	2048	2162	2311
2441	784	1889
2442	107	281	818
2444	1818	2203	2416	2423	2424	2493	2536
2445	154	362	465	587	810	818	970	1546	1574
2446	884	1995
2447	144	209	274	702	943	996	1021	1707	1891	2040	2148	2382	2414	2484
2448	181	818	2492
2451	580	1166	2030
2452	992
2453	580	818	1166	1323
2454	870	1615	2220	2510
2455	818	877	2116
2456	133
2457	818	1583	1728
2458	2227
2459	391	398	482	614	715	839	963	1007	1121	1218	1355	1477	2345
2461	287
2462	394	1260	1358	2124
2463	671	2497
2464	1751	2140	2510
2465	32	162	163	170	236	250	268	305	453	715	802	810	868	928	982	1017	1063	1139	1144	1152	1249	1353	1474	1641	1648	1905	1976	2023	2269	2277	2285	2357	2406	2550
2466	261	956	2520
2467	215	279	1520
2468	719	2006
2469	758	818	1144	1647	1912	2499
2471	261	801	915	925	1585	1629	2309	2506
2472	638	966	982	1569	1574	1913	2337
2473	661	939	954	1328	1446	2226
2474	2403
2476	154	858	1028
2477	2378
2478	41	110	158	834	895	936	1007	1135	1401	1702	1748	2277	2517
2479	6	2167
2480	1300	1797	2111	2400
2481	1022	1634
2482	818
2483	339	398	634	655	818	882	1839	1995
2484	1420	2040	2447
2485	733	818
2486	758	818	850	2166	2534
2487	748
2489	274	818	1004
2490	220	364	388	908	916
2491	355	1095
2492	591	649	836	1385	1409	1452	1588	1612	1630	1711	1874	2119	2333	2426	2448
2493	32	270	443	647	1069	1180	1333	1387	1947	2045	2416	2444
2494	2027
2495	1126
2496	603
2497	30	317	502	801	956	1069	1340	1681	1758	1766	1937	2290	2309	2463
2499	2469
2500	195	1586
2501	1343
2502	1373	1729	1731
2503	564	1615	1837
2504	529	818	974
2506	46	138	232	261	502	818	895	1550	2014	2262	2376	2471
2507	30	1340
2508	1121	1170	2273
2509	617	1475	1657
2510	133	215	546	725	763	870	1028	1042	1615	2454	2464
2511	758
2512	453
2513	144	766	1707
2514	351	841	1343	1374
2515	818
2516	152	818
2517	70	96	110	138	158	215	231	394	452	475	546	611	725	834	895	936	1007	1053	1060	1135	1170	1229	1355	1550	1702	1805	1821	2204	2359	2478
2518	62	818
2519	297	1164
2520	67	211	261	374	513	724	956	1277	1348	1366	2023	2466
2521	818
2522	1357
2525	52	708	1213	1288	1340	1373	1729	2096	2526
2526	120	869	1018	1045	1122	1435	1599	2148	2277	2525
2527	2535
2528	111	813
2529	23	416	666	715	818	928	958	1017	1306	1353	2160
2530	200	444	818	1121
2532	502	647	752	818
2533	587	2202
2534	2486
2535	2290	2527
2536	243	250	928	1023	1139	1152	1218	1255	1474	2444	2550
2537	138
2538	818	1293
2539	154	349
2540	1337	1648	1886
2543	884	1337	1372	1401	1482	2246
2544	1125	1175	1360	2173	2234
2546	651
2547	509
2548	748	818
2549	534	743
2550	163	201	715	868	928	982	1139	1886	2023	2413	2465	2536
