1	7656
17	12865
19	4386	5223	18495
26	12649
36	3859
38	15734
39	15813
53	5077	9492	14892
55	1833	7316	8947	9134	10572	12019	12460
72	1030
74	4283
93	7350	11820	13357
100	921
107	12649
108	8577
110	15602
120	185
126	9674
127	6327	7500	8168
136	3688
139	12649
143	3427
144	7958	12786
150	17167
161	17578
162	3836
165	12865
166	5374	11752	16329
173	1073
185	120	243	466	511	544	786	790	844	982	1020	1060	1473	1542	1593	1648	1679	1902	1908	1929	1955	2255	2311	2604	2653	2721	2913	2921	3179	3337	3384	3669	3706	3763	3894	4023	4521	4657	4785	4940	5298	5327	5625	5680	5786	5797	6084	6221	6377	6407	6587	6731	6752	6884	6887	6970	7049	7105	7231	7350	7414	7428	7490	7577	7687	7896	7947	8134	8172	8201	8226	8535	8747	8834	8921	9055	9250	9319	9365	9575	9611	9824	9828	10045	10207	10229	10504	10562	10766	10881	11044	11047	11156	11281	11317	11673	11699	11870	11936	11993	12225	12572	12618	12875	12891	13331	13379	13456	13576	13620	13659	14063	14120	14253	14277	14307	14357	14459	14903	14941	15057	15397	15409	15461	15720	15761	15771	16260	16347	16374	16471	16684	16813	17010	17033	17083	17122	17197	17215	17222	17269	17370	17502	17616	17727	17793	17873	17875	18107	18121	18192	18270	18614	18724	18957	19011
211	11468
230	2044
238	1593	6981	14459
239	10425
243	185	12865
247	12649
248	18361
252	5849
254	5929
260	7958	12786
264	18288
268	11190
281	2169	8377	12006
283	7585
284	16510
298	18630
300	11365
318	12649
321	7958	12786
325	10106
338	10724
349	10413
356	7112
373	12865
382	6885	7052
443	6132
445	18361
448	18361
449	12865
453	8340
454	5217
460	10488
463	18569
466	185
468	10323
470	9907
488	886	3868	4991	5033	15036
493	3384	3789	4632	17939
494	13899
496	12732
511	185
512	1073
521	6132
528	1240	3535	4586	5390	7192	8871	9336	10484	10521	11388	11821	16348	17507	18292	18346	18367
534	11035	11124
536	1976	5518	7137	12710
541	13042
544	185
551	13899	18630
560	7112
566	2211
582	12865
587	18630
588	11074
596	17020
606	12649
613	17457
627	4800	7467	9482	10767
629	12865
632	3565
633	2865
662	8377	12006
665	13475
680	10081
685	4808
695	9204
696	921	6924	12649
701	12649
707	18630
720	15541
739	7246
749	12865
752	1073
761	11035
772	15255	16939
777	887
780	12865
786	185	921	12649
790	185
804	11832
830	5206
836	7964	11214	16246
839	1073
844	185	11190
847	2511
850	3006
856	13424
864	4563
883	14150	14631
886	488
887	777
904	12865
910	12649
914	18896
921	100	696	786	1205	1605	1617	1647	2830	3215	3339	3848	4064	4429	5042	5933	6333	6392	6564	6584	6604	6804	8018	8250	8967	8996	9030	9098	9185	9423	9469	9920	10437	11105	11376	11567	11923	11985	12295	13007	13397	13799	13841	13909	13975	14017	14151	14379	14600	14969	15014	15112	15223	15346	15455	16223	16225	16228	16727	16748	17256	17359	18169	18229	18425	18741
935	10252	12865
980	2744	16996
982	185
991	13899
992	5009
993	1073
1000	5199
1001	10672
1013	3175	3326
1020	185
1029	1868
1030	72	14648
1034	10946	12865
1039	1482
1060	185
1063	1259	1298	2139	2825	4005	5255	5306	7364	9310	11223	11600	13329	13576	13801	14294	14462	14478	16762
1064	8577
1065	11682
1073	173	512	752	839	993	1096	1395	1501	1617	2026	2096	2709	2716	2798	2977	3383	3882	4005	4068	4675	4712	4822	4877	4957	5434	5537	5585	6373	6376	6512	6555	6903	6908	7245	7538	7754	8272	8287	8372	8575	8590	8623	8786	9059	9423	9595	9793	9840	9929	9951	9971	10250	10393	10450	10533	10589	10684	10706	10727	10756	11226	11376	11536	11645	11871	12011	12650	12878	13124	13537	13814	13971	14255	14418	14466	14596	14693	14735	15246	15338	15580	15694	16464	16714	17066	17299	17417	17714	18918	19010
1077	5505
1079	12837
1081	14150	14631
1082	4402	10252
1088	1689	2525	10965	12180	15399	17839
1089	10527
1094	4071	6763	13990	14418	14573
1096	1073
1102	8564
1125	13899
1127	12649
1128	3745	4568	4824	6774	8340	12337	13312	14323	16511
1131	14150	14631
1136	4012
1141	4525
1153	12865
1159	4483	18177
1185	15008
1194	14150	14631
1205	921	12649
1206	7052
1210	9170
1219	3732
1240	528
1259	1063
1268	13578
1269	12865
1271	6479
1281	12649
1284	16825
1289	5609	7052
1298	1063
1303	13751
1306	5372
1315	6327
1317	12865
1322	6327
1341	7482
1343	4808
1358	2230
1360	12467
1362	16232
1364	7895
1371	11832
1378	12837
1387	7112
1394	13899
1395	1073	8377	12006
1407	13485
1413	12649
1462	11613
1473	185
1482	1039	8335	16618
1484	17933
1501	1073	3006	17344
1520	8439
1521	12865
1524	18630
1525	7656
1532	9194
1533	14150	14631
1541	9536
1542	185
1548	13899
1564	2338	3281
1565	12076	15312
1571	7015	17167
1581	14150	14631
1582	1849	13946
1591	12865
1593	185	238
1605	921	12649
1611	8831	10674
1617	921	1073
1631	2211	12855	14992
1647	921	12649
1648	185
1665	2588
1679	185
1689	1088
1690	7958	12786
1710	7873
1713	12886
1715	7112
1716	16278
1717	13089
1718	10252
1720	7656
1728	11190
1732	11190
1736	11190
1743	6132
1782	16558
1807	12649
1815	5663
1819	11190
1826	13766
1828	13468
1832	8849
1833	55
1841	13899	14808
1848	9321
1849	1582
1856	12865
1862	10252
1863	6327
1867	7112
1868	1029
1869	14540	17583
1876	11760
1882	16486
1883	15723	18034
1885	7656
1887	14479
1897	12837
1902	185
1907	18361
1908	185	9204
1915	2004
1923	2128
1925	4872	8668	12296	15749
1929	185	12649
1931	12865
1942	2175	3201	16118
1946	10592
1955	185	11510	15220	15813
1960	1967	9907
1967	1960
1976	536	1981	5168	5518	6377	7592	11906	13966	17750	18581
1979	15149
1981	1976
1986	2175
1993	3203
2004	1915
2015	2017
2017	2015
2020	5631	12649
2026	1073	10935
2030	4230
2033	12921
2043	10101
2044	230	6180	6851
2046	7656
2048	8466
2061	13485
2073	12649
2074	11906
2077	10886
2079	9674
2080	5901	9674	12438
2087	7338	12865
2096	1073	17286
2100	12837
2128	1923	15034
2134	7633
2139	1063
2146	13899
2156	2861
2160	2176
2169	281	8377	12006
2174	18630
2175	1942	1986	2578	3201	9812	11536	13496	16118
2176	2160
2183	11190
2186	4306	4494
2197	10578	10579
2203	11797
2211	566	1631	3262	15812
2214	2216
2216	2214
2219	18844
2225	15813
2230	1358
2233	3507	12865
2239	12865
2255	185
2276	3747
2277	9674
2292	7112
2298	12865
2300	12849
2309	9303
2311	185
2313	12865
2320	3773
2325	3006
2326	18297
2328	7052
2330	6167
2338	1564
2342	12865
2345	12865
2368	13694
2381	9674
2385	12865
2407	18361
2413	8413
2415	14751
2417	15087
2433	14150	14631
2461	6885	13899
2502	18200	18951
2511	847	3832	12789	13166	13841	14213
2518	6885
2525	1088
2528	17485
2533	5372
2542	7717
2546	17975
2548	17020
2559	11190
2567	10946	18844
2573	11190
2578	2175	3201
2582	12865
2588	1665	3102	11465
2600	11080
2601	17964
2602	10101
2604	185
2607	4507	9670	11003
2609	13765
2611	15713
2614	9674
2640	6223
2653	185
2663	12649
2665	10935
2673	14150	14631
2681	10297
2698	4196	6135
2709	1073
2712	12865
2716	1073	8786	17344
2721	185	3203
2722	12649
2744	980
2749	7112
2751	12865
2755	12649	17744
2768	12921
2798	1073
2807	10511
2814	13223
2825	1063
2828	8494
2830	921
2843	4305
2861	2156	3937	4623	6234	6282	7314	9213	10975	13394	18648	18940
2865	633	17974
2869	3565
2891	15314
2892	14931
2898	8474
2913	185	5199
2916	15700
2921	185
2930	7112
2934	3682
2947	9321
2960	3427
2961	7958	12786
2977	1073
2999	4563	18839
3001	4068	4604	18851
3002	9674
3005	5525	9462
3006	850	1501	2325	5479	11376	11579	12099	12753
3010	18384
3014	12649
3019	9107
3020	7112
3032	9674
3045	12649
3054	9378
3062	12865
3063	10101
3075	5699
3076	11832
3079	12865
3082	3747
3085	14744
3088	7656
3091	12921
3094	17320
3098	8914
3099	9674
3102	2588
3126	15713
3129	11468
3155	13899
3167	8955	16614
3173	7958	12786
3175	1013	3326	4028
3179	185
3187	12865
3201	1942	2175	2578	13496
3203	1993	2721	3995	5122	5298	7428	8724	12812	13576	13579	15557	16225	17033
3215	921
3227	9674	15220
3233	18297
3234	7656
3236	11728
3237	13899
3247	11832
3260	12855
3261	12855
3262	2211	12855	13259
3281	1564
3287	7585
3289	8714
3297	4914
3326	1013	3175	4028	17461
3331	9204
3337	185
3339	921	10101
3344	14979
3356	10101
3373	18896
3383	1073
3384	185	493
3385	4563
3388	18361
3427	143	2960	4293	8008	12522	12602	13167	14608	15007	15724	16868	17420	18591
3441	14992
3447	13485
3449	4462
3451	10101
3471	9395
3478	4305
3485	12865
3487	13760
3491	11780
3507	2233	6343	7399	11606	13600
3513	17564
3535	528	17933
3542	12855
3545	12865
3547	18193
3551	15255
3553	12865
3565	632	2869
3573	12865
3576	10724
3578	10252	12865
3581	5511
3584	14479
3585	5997
3586	14150	14631
3593	12837
3597	11984
3623	5298	15657	19043
3642	5570	10301	15971
3655	8377	12006
3663	4254	12700	18389
3669	185
3671	10101
3678	14150	14631
3682	2934	9434
3686	12921
3688	136
3706	185
3710	9686
3711	9907
3714	11080
3718	18630
3723	12649
3732	1219
3745	1128	13312
3747	2276	3082	7989	8943	10009	10352	11474	13451	15028	15555	17513	17866	19022
3753	12649	15008
3763	185
3767	12865
3773	2320	4455	6633	10559	12575	16311	18030	18990
3775	11035
3786	16232
3789	493
3810	15727
3816	7669
3832	2511
3833	5663
3834	19004
3836	162
3839	17020
3848	921
3859	36	5081
3866	14150	14631
3868	488
3882	1073	17344
3888	7112
3891	12865
3893	8377	12006
3894	185	12865
3896	12865	15554
3900	13899
3906	13024
3920	17020
3929	10457	10724
3937	2861
3941	16577
3944	13899
3955	12865
3962	10324
3969	11468
3978	10101
3987	5663
3988	17286
3995	3203
3999	12865
4002	4770	7535
4005	1063	1073	17344
4012	1136
4013	13206	15555	17513
4023	185
4024	17543	17544
4028	3175	3326
4048	12865
4057	17020
4064	921
4067	9907
4068	1073	3001	10319
4071	1094	9321	10485	11479	13848
4076	5550	12182
4079	12182	17644
4097	6132
4109	12865
4110	18896
4115	7633
4138	7037
4154	8912	10724
4170	11468
4182	18622
4196	2698	6135
4198	18680
4207	7038
4212	12848
4220	13899
4230	2030
4232	18163
4235	19004
4242	15727
4243	12453
4248	5505
4254	3663	16983	18389
4270	5372
4273	7633
4283	74
4293	3427
4305	2843	3478	7817	8767	9748	11451	12026	16349	17218	17463
4306	2186
4313	12219	15378
4327	8575	10295
4342	7958	12786
4349	13899
4350	7958	12786
4354	4923	7285
4355	12865
4375	8439
4376	7958	12786
4386	19	5920	7313	12325	12648	14455	14696	15908	17244
4402	1082	5600	7486	9199	10342	10581	11486	12494	12705	13690	14130	15599	17751	18209	18378	18678
4410	10101
4413	15713
4429	921
4431	9442
4438	18630
4455	3773
4462	3449
4469	17564
4483	1159
4494	2186
4495	7656	9173
4507	2607
4521	185
4523	8560
4525	1141	7590	9551
4527	10672
4528	12865
4548	15255
4561	7656
4563	864	2999	3385	6707	6982	7162	7966	8543	9943	10224	11593	12003	12423	14847	16800	17314	17839
4568	1128
4580	11760	12693
4581	18630
4586	528
4588	7112
4604	3001
4617	6167
4623	2861
4630	8439
4631	17744
4632	493
4642	12865
4655	16577
4656	7958	12786
4657	185
4672	7112
4675	1073
4681	7656
4704	12865
4711	15541
4712	1073
4722	5997
4736	5550	11136	12182
4737	12678
4744	10492
4753	12649
4756	5383
4757	7844
4758	11190
4764	12649
4769	16592
4770	4002
4771	15954
4783	12865
4784	12649
4785	185	5372	12865	18630
4788	18630
4795	11190
4800	627
4808	685	1343	6571	8215	11680	12769	13881	14300	15641	15756	18886
4814	12865
4822	1073
4824	1128
4831	15727	17602
4836	7972
4860	5857
4869	12182
4872	1925
4877	1073	6592
4882	7052	18297
4914	3297
4923	4354	7285
4931	13899
4936	10101
4940	185
4957	1073
4969	8577
4977	13809
4982	5290
4988	14581
4991	488
4993	11468	12921
5001	12921
5005	5798	7015	9802	17167	18288
5009	992	18677
5013	18630
5020	11035
5033	488
5042	921	9674	15220	15813
5055	7958	12786
5067	10842
5074	6327	7500
5076	5223
5077	53	9492	14892
5081	3859
5102	5199	9674
5108	12500
5113	16957
5119	14150	14631
5122	3203
5128	10252
5131	12865
5132	13992
5135	6327	7500
5142	11035
5144	14130
5150	8439
5168	1976
5177	7633
5199	1000	2913	5102	5822	7114	7472	7608	8441	10354	10786	11971
5206	830	15314
5217	454	15640
5219	18174
5223	19	5076	13646
5229	6327	7500	8168
5236	10975
5253	16449
5255	1063
5258	17070
5263	14931
5266	8533
5274	12649
5275	18361
5280	7656
5282	12865
5290	4982
5297	12243
5298	185	3203	3623
5305	8577
5306	1063
5314	6984
5317	14150	14631
5327	185
5334	15851	16006
5340	18361
5346	11613
5370	10252
5372	1306	2533	4270	4785	6239	6922	7376	7896	9472	11348	13573	15595	16209	16657
5374	166	9587	12512	12550	14422
5383	4756
5390	528
5393	8670
5394	7633
5396	15459
5407	9907
5434	1073
5465	9907
5468	18972
5477	5565
5478	5762
5479	3006
5482	10724
5500	14150	14631
5501	12649
5505	1077	4248	8039	8154	8157	13017	14050	14549	14649	15042	15749	15953	16215	16781
5507	15366
5508	17964
5509	13899
5511	3581
5517	9907	11080
5518	536	1976	7137	12710
5520	9907
5525	3005
5528	11060	12649
5537	1073
5550	4076	4736	6881	8889	9058	10075	12027	13272
5565	5477
5566	8413	18630
5570	3642
5573	13899
5585	1073	12649
5600	4402
5607	17857
5609	1289
5622	15220
5625	185	8377	12006
5630	12654
5631	2020
5655	9907	11080
5658	8439
5663	1815	3833	3987	6609	8936	12245	12719	14002
5673	10081	10724
5680	185
5683	11468
5693	7112
5699	3075
5701	14757
5719	12649
5730	16209	16525
5746	12865
5749	6733	9674	12837
5750	18569
5756	15665
5762	5478	6464	7005	13067	18639
5765	12855
5766	12837
5770	12865
5786	185
5788	5932	18361
5796	9802
5797	185
5798	5005	18288
5802	14757
5809	10252
5815	10101
5822	5199
5829	12855	13259	16717
5836	9395	12865
5839	16510
5844	7656
5847	12172
5849	252
5857	4860
5864	8912
5876	10935
5879	15813
5881	11280
5884	14744
5894	9907	12865
5901	2080	6328	9674
5920	4386
5925	15616
5929	254	11844	18000
5932	5788
5933	921
5940	7958	12786
5942	18630
5963	7633	12921
5965	9324
5979	12837
5991	9674
5992	7958	12786
5996	11224
5997	3585	4722	7603	18357
6001	9444
6039	13899
6044	15177	15263
6049	11468	17202
6058	18630
6076	9107	10724	11941
6084	185
6107	18810
6132	443	521	1743	4097	11440	11828	12733	12915	14404	14468	15356	17173
6135	2698	4196
6139	17587
6151	18374
6157	7520
6167	2330	4617	8497	10977	17812
6174	12768	19023
6180	2044
6197	11994	14992
6202	13899
6204	16773
6209	12232
6221	185
6223	2640	13855	13895	17136	17829
6228	7112
6231	7685	13899
6232	12649	17286
6234	2861
6239	5372
6243	18436
6245	12865
6246	8714
6254	15930
6258	16126
6277	13932
6280	9674
6282	2861
6291	11500	17653
6293	14931
6298	9107	10724
6308	11190
6317	12865
6327	127	1315	1322	1863	5074	5135	5229	7813	9445	10049	12572	16155	16261	18579
6328	5901	10827	10835	12812
6332	6654
6333	921
6342	14366
6343	3507	12865
6366	8377	12006
6367	18361
6373	1073
6376	1073
6377	185	1976	7137	12710	18630
6392	921
6394	11468
6399	12865
6407	185
6410	15602
6418	17020
6435	16988
6461	8054
6464	5762
6477	18896
6479	1271	15721
6502	10101
6510	9823
6512	1073
6524	14992
6540	12865
6547	7656
6548	7656
6555	1073
6564	921
6568	11563
6571	4808
6584	921	12649
6587	185
6592	4877
6604	921	9674
6607	9359	11845
6609	5663	7633
6611	13899
6633	3773
6646	15356
6654	6332
6661	12865
6703	10101
6707	4563
6708	9727
6731	185
6732	7585	8714
6733	5749
6739	6824
6752	185
6763	1094
6774	1128
6785	15055
6789	17167	17578
6804	921
6824	6739
6833	11468
6843	17286
6851	2044
6856	13089
6864	18569
6877	7517
6881	5550	12182	15255	16939
6882	10746
6884	185
6885	382	2461	2518	6914	12535	14240
6887	185
6903	1073
6908	1073
6914	6885
6922	5372
6924	696	14213	15396
6936	7052	12535	16398
6962	8546
6970	185
6973	14150	14631
6981	238
6982	4563	14094
6984	5314
6991	7958	12786
6997	11190
7005	5762
7008	11190
7015	1571	5005	17167
7027	12649	14992
7035	17744
7037	4138	9403	13094
7038	4207
7049	185
7052	382	1206	1289	2328	4882	6936	7315	8081	8141	8436	9335	10539	10748	11483	11760	12289	12535	13573	16150	16251	16398	16660	17269	17748	18139	18576
7055	18896
7075	7958	12786
7081	11259	16523
7098	9569
7101	9752
7105	185	12649
7111	8940
7112	356	560	1387	1715	1867	2292	2749	2930	3020	3888	4588	4672	5693	6228	7355	8238	9724	10127	11082	11148	11347	12131	12776	14024	16291	16442	16633	16677	18203	18406	18612
7114	5199
7118	14150	14631
7124	9612	15813
7129	17020
7131	10101
7136	13899
7137	536	5518	6377	7592	9198	12607	12710	13966	17750	18581
7146	10252
7162	4563
7163	17045
7165	12649
7176	13762
7181	9674	16592
7192	528
7202	12865
7231	185
7241	11780
7242	9907
7244	13899
7245	1073	13899
7246	739
7250	13485
7259	7656
7273	19004
7284	12649
7285	4354	4923
7295	7320
7302	18630
7306	7656
7313	4386
7314	2861
7315	7052	8141	11760	18297
7316	55	18630
7319	9674
7320	7295
7328	12649
7338	2087	10507	14928
7347	7378
7350	93	185	10724
7355	7112
7364	1063
7376	5372
7378	7347	16232
7385	10457
7392	11660
7393	14000
7399	3507
7400	10672
7412	12649
7414	185
7428	185	3203
7430	9907	12711
7434	9907
7435	13696	13792	17490
7438	12865
7439	11190
7467	627
7468	9907
7472	5199
7482	1341	18896
7486	4402
7490	185
7494	12865
7500	127	5074	5135	5229	7800	7813	9445	12705	18967
7517	6877	10249	13131
7519	12865
7520	6157
7532	15541
7535	4002
7538	1073
7541	11190
7544	9071
7545	15813
7555	12467
7556	12182
7577	185
7585	283	3287	6732	16653
7590	4525
7592	1976	7137	12710
7601	17987
7603	5997
7605	12399	14150	14631
7608	5199
7622	7958	12786
7629	7656
7633	2134	4115	4273	5177	5394	5963	6609	8102	10660	11754	12264	14534
7656	1	1525	1720	1885	2046	3088	3234	4495	4561	4681	5280	5844	6547	6548	7259	7306	7629	8135	8997	9695	10287	10564	11443	12461	13215	14269	14406	14541	14723	15024	16571	16734	16995	17148	17425
7669	3816
7673	9107
7685	6231	13899
7687	185
7690	12865
7694	14150	14631
7707	18630
7710	18896
7717	2542
7734	15544
7754	1073	8786	18594
7800	7500
7801	7958	12786
7803	12182	15255
7813	6327	7500	8168	11437
7817	4305
7822	12865	15727
7828	13899
7830	8809	9612	11105	12956	16873	17353	17676
7843	12921
7844	4757
7864	10075
7865	12865
7873	1710
7895	1364
7896	185	5372	18630
7905	18896
7927	12865
7928	8377	12006
7932	12855
7942	14744
7947	185
7958	144	260	321	1690	2961	3173	4342	4350	4376	4656	5055	5940	5992	6991	7075	7622	7801	8163	8747	8757	8921	9415	9798	9938	9961	11699	12612	12786	13810	14256	14271	14665	14816	15886	16635	17163	17490	17530	18158	18173
7964	836
7966	4563
7967	12649
7970	12865
7972	4836
7983	17780
7989	3747
7990	12585
8008	3427
8016	11190
8018	921
8028	9907	11080
8029	16002	16982
8039	5505	18630
8041	8046
8046	8041
8054	6461
8059	12865
8062	12865	14150	14631
8064	17933
8068	11080
8081	7052	18297
8099	12649
8102	7633
8111	12649
8117	14992
8134	185
8135	7656
8141	7052	7315	9335	11760
8144	18630
8154	5505	8157
8156	10492
8157	5505	8154
8163	7958	12786
8168	127	5229	7813	11437	16261
8172	185
8181	14150	14631
8201	185
8206	10252
8215	4808
8224	10101
8226	185
8238	7112
8239	17286
8240	13899
8250	921
8255	12865
8269	12865	13899	18630
8270	9674	12865
8271	9395
8272	1073
8287	1073	11136	12182
8335	1482
8340	453	1128
8342	8564
8343	12865
8372	1073
8373	17344
8377	281	662	1395	2169	3655	3893	5625	6366	7928	12006	13055	13814	14910	15297	17236	17709	18504
8406	18361
8413	2413	5566	13880
8419	9674
8432	18810
8436	7052	13899
8439	1520	4375	4630	5150	5658	13049	14831	18380	18870	18888
8441	5199	9674
8463	9653	11828
8466	2048
8474	2898
8484	9907
8486	10876
8491	14094
8494	2828
8497	6167
8501	10101
8533	5266
8535	185
8543	4563
8546	6962
8554	8653
8558	12649
8560	4523
8562	8918
8564	1102	8342
8575	1073	4327
8577	108	1064	4969	5305	10408	10776	10992	11631	18236
8590	1073
8603	10101
8616	15524
8622	12467	12814
8623	1073
8634	11999
8651	10252
8653	8554
8660	11468
8664	15337
8667	12837
8668	1925	13899
8670	5393
8699	18630
8703	9907	11080
8709	10530	10723	15929	16617	17258
8714	3289	6246	6732	11631
8716	10252
8724	3203
8731	11393	12865
8734	9652
8747	185	7958	12786
8757	7958	12786
8767	4305
8786	1073	2716	7754
8792	12865
8794	18810
8804	10935
8809	7830	9612	13848
8826	15724
8831	1611
8834	185
8836	12649
8849	1832
8861	12661	13430
8869	10252
8871	528
8889	5550	15255
8894	14966
8904	12865
8912	4154	5864	15471
8914	3098	9179	9297	10342	15870
8918	8562
8921	185	7958	12786
8936	5663
8940	7111
8942	17020
8943	3747
8947	55
8955	3167	15008
8962	14744
8965	9231
8967	921
8982	12865	14150	14631
8996	921
8997	7656
9001	9907
9011	12837
9015	10411	10961	14481
9030	921
9055	185
9058	5550
9059	1073
9066	12865
9071	7544
9079	18333
9092	12649	18972
9093	10101	18630
9098	921
9107	3019	6076	6298	7673	10457	10566	16195
9111	9907
9116	16531
9132	12837
9134	55
9145	10081
9149	9569
9166	13463
9170	1210
9173	4495
9175	17564
9176	12865
9177	11680
9179	8914
9185	921
9191	10101
9194	1532
9197	12865
9198	7137	12607	12710
9199	4402	10252
9204	695	1908	3331	10114	10410	14588	14593	17097
9209	18896
9211	12649
9213	2861
9228	12865
9231	8965
9233	12039
9246	10101
9250	185
9264	15459
9266	9907
9268	9907
9288	17286
9297	8914
9303	2309
9310	1063
9319	185
9321	1848	2947	4071	10357	11105	13350	14573	15093	18558	19025
9324	5965
9335	7052	8141	12693
9336	528
9359	6607	11845
9365	185
9378	3054
9395	3471	5836	8271	11039	12383	12387	15650	17188	17741	18106	18822
9399	11080
9403	7037
9405	12649
9415	7958	12786	12921
9423	921	1073
9428	11836
9429	9430
9430	9429
9434	3682
9438	10252
9442	4431
9444	6001
9445	6327	7500
9448	17564
9462	3005
9468	14121
9469	921
9472	5372	18630
9482	627
9491	10252
9492	53	5077	14892
9504	10101
9532	13899
9536	1541
9551	4525	14094
9555	11471
9569	7098	9149
9575	185
9582	11190
9587	5374
9589	9674
9592	11160
9595	1073
9611	185
9612	7124	7830	8809	10357	11105	12956	16727	16873	17353	17676
9620	18630
9652	8734
9653	8463
9663	10252
9670	2607
9674	126	2079	2080	2277	2381	2614	3002	3032	3099	3227	5042	5102	5749	5901	5991	6280	6604	7181	7319	8270	8419	8441	9589	10315	10527	11092	11153	11156	11159	12379	12438	12456	12850	12928	13040	13910	14283	14305	14318	14462	14932	15259	15738	16375	17165	17291	18285	18478	18740
9686	3710
9687	12865
9695	7656
9724	7112
9727	6708
9739	18163	18222
9748	4305
9752	7101
9760	12793
9765	12649
9787	11893
9793	1073
9798	7958	12786
9802	5005	5796
9803	12865
9810	11074
9812	2175
9823	6510
9824	185
9828	185
9836	12649
9839	9842
9840	1073
9841	18395
9842	9839
9869	12649
9879	10425
9901	11190
9907	470	1960	3711	4067	5407	5465	5517	5520	5655	5894	7242	7430	7434	7468	8028	8484	8703	9001	9111	9266	9268	10270	10336	10365	10448	10785	12518	13340	14470	14471	14519	14680	14848	15090	15135	15330	15450	15553	15848	16416	16539	16948	18198	18458	18471
9915	10701	14150	14631
9920	921	12649
9921	12649
9922	10101
9929	1073
9934	18133
9938	7958	12786
9943	4563
9951	1073
9961	7958	12786
9971	1073
9988	12865
10002	17243
10009	3747
10012	11557
10022	13281
10045	185
10049	6327
10070	11492
10075	5550	7864	11136	12182
10081	680	5673	9145	11083	11383	17598	17599	18781
10093	15314
10101	2043	2602	3063	3339	3356	3451	3671	3978	4410	4936	5815	6502	6703	7131	8224	8501	8603	9093	9191	9246	9504	9922	10343	10967	11146	11334	11489	12024	12647	12979	13375	13685	13764	14092	14101	14603	14657	15630	16074	16801	16911	16978	17032	17547	17670	17776	17967	18447	18788	18827
10105	13433
10106	325	16227
10114	9204	12649
10115	18630
10118	13539	16982
10119	13539
10127	7112
10138	11468
10140	12649
10142	18630
10149	13475
10184	13899
10194	16095
10195	16592
10199	13869
10207	185	11510
10210	14150	14631
10224	4563
10229	185
10231	13946
10249	7517
10250	1073
10252	935	1082	1718	1862	3578	5128	5370	5809	7146	8206	8651	8716	8869	9199	9438	9491	9663	10342	10581	10586	10931	11461	11485	11486	11552	11596	12494	12580	13289	13549	13682	13887	14130	15009	15092	15938	16589	17974	18209	18378	18629	18678
10256	14150	14631
10260	15727
10270	9907	13485
10273	15004
10287	7656
10292	10297
10295	4327
10297	2681	10292
10301	3642
10303	11060	12649
10313	17791
10315	9674
10319	4068
10323	468
10324	3962
10332	16486
10336	9907
10342	4402	8914	10252	13828
10343	10101
10351	10724
10352	3747
10354	5199
10357	9321	9612
10365	9907	11080	11468
10386	13253
10393	1073
10394	12865
10403	11194
10408	8577
10410	9204
10411	9015
10413	349
10420	13985
10425	239	9879
10436	15734
10437	921
10438	17344
10448	9907
10450	1073	17286
10455	12732
10456	12865
10457	3929	7385	9107	10724
10479	12649
10484	528
10485	4071	16502
10488	460
10492	4744	8156	17285
10499	11190
10504	185
10507	7338
10511	2807
10518	12865
10521	528
10527	1089	9674	12865
10530	8709	12284	16617	17258
10533	1073
10538	12139	13307	16618
10539	7052
10548	14992	16717
10559	3773	18810
10562	185	18569
10564	7656
10566	9107
10572	55
10578	2197
10579	2197
10581	4402	10252
10586	10252
10589	1073
10592	1946
10598	12649
10615	12467
10660	7633
10666	18361
10670	11510
10672	1001	4527	7400
10674	1611	13899
10684	1073
10699	11124
10700	12243
10701	9915
10706	1073
10723	8709	12284	17048	17258
10724	338	3576	3929	4154	5482	5673	6076	6298	7350	10351	10457	14333	15070	16657
10727	1073
10746	6882	15544
10748	7052
10751	13899
10756	1073
10766	185
10767	627
10776	8577
10784	18630
10785	9907
10786	5199
10791	11176
10821	15813
10827	6328	15220
10835	6328	15220
10842	5067
10860	12865
10876	8486
10881	185
10882	18630
10885	11190
10886	2077
10887	11035
10930	12865
10931	10252
10935	2026	2665	5876	8804	11999	12366
10946	1034	2567	12689	18342
10951	12848	13395
10961	9015
10963	11530
10965	1088
10967	10101
10975	2861	5236
10977	6167
10992	8577
11003	2607
11035	534	761	3775	5020	5142	10887	13787	17313
11039	9395
11044	185
11045	12649
11047	185
11057	15255
11059	11994	14992
11060	5528	10303	12649	12714	14573
11066	15544
11071	13899
11074	588	9810
11078	17613
11080	2600	3714	5517	5655	8028	8068	8703	9399	10365	12080	13251	14470	16539	16815	18243
11082	7112
11083	10081
11086	15459
11088	12865
11092	9674
11105	921	7830	9321	9612
11107	11190
11115	12865
11124	534	10699	16145	16161
11131	12649
11136	4736	8287	10075	12182	17644
11146	10101
11148	7112
11153	9674
11156	185	9674
11159	9674
11160	9592	18594
11163	11752	16329
11176	10791	13899
11190	268	844	1728	1732	1736	1819	2183	2559	2573	4758	4795	6308	6997	7008	7439	7541	8016	9582	9901	10499	10885	11107	11383	11809	12123	12124	12423	13123	13314	13588	13739	14431	15760	16034	16275	16784	16975	17594	18162	18547	18589	18636
11194	10403
11211	17020
11214	836
11215	15087
11223	1063
11224	5996
11226	1073
11242	14992
11253	12855
11259	7081
11260	18896
11280	5881
11281	185
11308	17167
11317	185	12649
11334	10101
11337	13780
11347	7112
11348	5372
11365	300	16053
11376	921	1073	3006
11383	10081	11190
11388	528
11393	8731
11407	14150	14631
11437	7813	8168
11440	6132
11443	7656
11451	4305
11455	13899
11461	10252
11465	2588
11468	211	3129	3969	4170	4993	5683	6049	6394	6833	8660	10138	10365	12130	12569	12864	13418	13621	14978	17399	17505	17687	17797
11471	9555
11474	3747
11479	4071
11481	18160
11483	7052	13899
11485	10252
11486	4402	10252
11489	10101
11492	10070
11500	6291
11510	1955	10207	10670	15761	18370
11521	12649
11530	10963
11536	1073	2175
11552	10252
11557	10012
11559	14744
11563	6568	17698	18076
11567	921	14600
11579	3006
11593	4563	14094
11596	10252
11600	1063
11606	3507	12865
11613	1462	5346
11631	8577	8714
11638	12855
11645	1073
11660	7392
11665	12770
11673	185
11680	4808	9177
11682	1065
11687	12865
11699	185	7958	12786
11713	12865
11723	18630
11727	12649
11728	3236
11735	15813
11744	18630
11752	166	11163	16329
11754	7633
11760	1876	4580	7052	7315	8141	12693	18297
11768	18630
11780	3491	7241
11784	12232
11797	2203
11799	12865
11809	11190
11811	17167
11819	14150	14631
11820	93	13357
11821	528
11828	6132	8463	16095
11832	804	1371	3076	3247	13586	17396	18116
11836	9428
11844	5929
11845	6607	9359
11870	185
11871	1073
11893	9787
11906	1976	2074
11923	921
11924	13866
11936	185
11941	6076	14245
11950	12921
11951	15713
11965	15019
11966	12865
11971	5199
11984	3597
11985	921
11993	185
11994	6197	11059
11999	8634	10935
12003	4563
12006	281	662	1395	2169	3655	3893	5625	6366	7928	8377	13055	13814	14910	15297	17236	17709	18504
12011	1073
12018	12230
12019	55
12024	10101
12026	4305
12027	5550	12182
12039	9233
12056	12058
12058	12056
12076	1565
12080	11080
12099	3006
12123	11190
12124	11190
12129	16232
12130	11468
12131	7112
12137	18630
12139	10538
12146	18569
12165	14931
12172	5847
12180	1088
12182	4076	4079	4736	4869	6881	7556	7803	8287	10075	11136	12027	12587	13271	13272	13392	17644	18279
12219	4313
12225	185
12230	12018
12232	6209	11784
12243	5297	10700
12245	5663
12264	7633
12281	15255
12284	10530	10723	12758
12289	7052
12293	14196
12295	921
12296	1925
12325	4386
12337	1128
12342	15544
12356	12865
12366	10935
12379	9674	15220
12381	16296
12383	9395
12387	9395
12399	7605
12406	14150	14631
12423	4563	11190
12431	17153
12438	2080	9674
12452	18361
12453	4243
12456	9674
12457	12837
12460	55	18844
12461	7656
12467	1360	7555	8622	10615	12814	15373
12494	4402	10252
12500	5108
12512	5374
12518	9907
12522	3427
12535	6885	6936	7052
12540	18896
12548	12837
12550	5374
12553	13485
12569	11468
12572	185	6327
12575	3773
12577	12649
12580	10252
12585	7990
12587	12182
12591	18361
12598	18361
12602	3427
12607	7137	9198	12710
12612	7958	12786
12618	185
12621	13899
12642	18177
12647	10101
12648	4386
12649	26	107	139	247	318	606	696	701	786	910	1127	1205	1281	1413	1605	1647	1807	1929	2020	2073	2663	2722	2755	3014	3045	3723	3753	4753	4764	4784	5274	5501	5528	5585	5719	6232	6584	7027	7105	7165	7284	7328	7412	7967	8099	8111	8558	8836	9092	9211	9405	9765	9836	9869	9920	9921	10114	10140	10303	10479	10598	11045	11060	11131	11317	11521	11727	12577	12714	12999	13082	13386	13496	13801	14242	14478	14573	14574	14600	14697	14774	15196	15198	15268	15429	15443	15640	16139	16462	17109	17359	17875	17967	18270	18919	18938
12650	1073
12654	5630
12656	15008
12661	8861	13430
12663	14061
12676	12865
12678	4737	17346
12687	17061	17941
12689	10946	18342
12693	4580	9335	11760	14567
12700	3663
12705	4402	7500
12710	536	5518	6377	7137	7592	9198	12607	13966	17750	18581
12711	7430	15613	15848
12714	11060	12649
12719	5663
12732	496	10455
12733	6132
12742	13899	18630
12753	3006
12758	12284
12761	16855
12768	6174
12769	4808
12770	11665
12776	7112
12783	14150	14631
12784	14150	14631	18630
12786	144	260	321	1690	2961	3173	4342	4350	4376	4656	5055	5940	5992	6991	7075	7622	7801	7958	8163	8747	8757	8921	9415	9798	9938	9961	11699	12612	13810	14256	14271	14665	14816	15886	16635	17163	17490	17530	18158	18173
12789	2511
12793	9760	16857
12795	12799
12799	12795
12810	12865	18361
12812	3203	6328	15220
12814	8622	12467
12837	1079	1378	1897	2100	3593	5749	5766	5979	8667	9011	9132	12457	12548	13317	13727	15246	15953
12839	14391	16899
12848	4212	10951
12849	2300	13899
12850	9674
12855	1631	3260	3261	3262	3542	5765	5829	7932	11253	11638	18741
12864	11468
12865	17	165	243	373	449	582	629	749	780	904	935	1034	1153	1269	1317	1521	1591	1856	1931	2087	2233	2239	2298	2313	2342	2345	2385	2582	2712	2751	3062	3079	3187	3485	3545	3553	3573	3578	3767	3891	3894	3896	3955	3999	4048	4109	4355	4528	4642	4704	4783	4785	4814	5131	5282	5746	5770	5836	5894	6245	6317	6343	6399	6540	6661	7202	7438	7494	7519	7690	7822	7865	7927	7970	8059	8062	8255	8269	8270	8343	8731	8792	8904	8982	9066	9176	9197	9228	9687	9803	9988	10394	10456	10518	10527	10860	10930	11088	11115	11606	11687	11713	11799	11966	12356	12676	12810	12955	13113	13138	13169	13185	13246	13252	13286	13347	13549	13600	13604	13621	13678	13693	13703	13854	13931	14015	14023	14130	14162	14223	14447	14448	14574	14616	14680	14768	14848	15204	15479	15524	15554	15637	15810	15855	15893	15932	15970	16153	16206	16251	16369	16474	16571	16576	16657	16677	17081	17111	17138	17161	17262	17269	17347	17828	17829	17875	17932	17983	18113	18349	18360	18377	18383	18708	18995	19011
12875	185
12878	1073	17344
12881	12921
12886	1713
12891	185
12915	6132
12921	2033	2768	3091	3686	4993	5001	5963	7843	9415	11950	12881	12996	13791	18128	18428
12928	9674
12955	12865
12956	7830	9612
12965	15813
12979	10101
12996	12921
12999	12649
13005	18844
13007	921
13017	5505
13024	3906
13040	9674	15220
13042	541
13049	8439
13055	8377	12006
13067	5762
13082	12649
13089	1717	6856
13094	7037
13113	12865
13123	11190
13124	1073
13131	7517
13138	12865
13166	2511
13167	3427
13169	12865
13185	12865
13202	17239
13206	4013
13215	7656
13223	2814
13246	12865
13251	11080
13252	12865
13253	10386	15545	17561
13256	17949
13259	3262	5829	15136
13271	12182
13272	5550	12182
13281	10022	17373
13286	12865
13289	10252
13292	17012
13307	10538
13312	1128	3745
13314	11190
13317	12837	15220
13329	1063
13331	185
13340	9907
13347	12865
13350	9321
13355	18622
13357	93	11820
13358	17204	17225
13375	10101
13379	185
13386	12649
13388	14150	14631
13392	12182
13394	2861
13395	10951
13397	921
13400	17587
13418	11468
13424	856
13430	8861	12661
13433	10105
13451	3747
13456	185
13463	9166
13468	1828
13475	665	10149	16772	18707
13485	1407	2061	3447	7250	10270	12553	13549	15128	18822
13496	2175	3201	12649
13507	18908
13523	13527
13527	13523
13537	1073
13539	10118	10119
13549	10252	12865	13485
13573	5372	7052	13899	18297
13576	185	1063	3203
13578	1268	17744
13579	3203
13586	11832
13588	11190
13598	18158
13600	3507	12865
13604	12865
13620	185
13621	11468	12865
13646	5223
13659	185
13678	12865
13682	10252
13685	10101
13690	4402
13693	12865
13694	2368
13696	7435
13703	12865
13709	18361
13711	17655
13715	15547	18983
13724	13899
13727	12837
13739	11190
13751	1303	14674	16098
13760	3487
13762	7176
13764	10101
13765	2609
13766	1826
13769	15541
13780	11337
13787	11035
13791	12921
13792	7435
13793	18810
13799	921	14757
13801	1063	12649
13809	4977
13810	7958	12786
13814	1073	8377	12006
13828	10342
13841	921	2511
13848	4071	8809
13854	12865
13855	6223
13866	11924
13868	17744
13869	10199
13880	8413
13881	4808
13887	10252
13891	17866
13895	6223
13899	494	551	991	1125	1394	1548	1841	2146	2461	3155	3237	3900	3944	4220	4349	4931	5509	5573	6039	6202	6231	6611	7136	7244	7245	7685	7828	8240	8269	8436	8668	9532	10184	10674	10751	11071	11176	11455	11483	12621	12742	12849	13573	13724	14040	14364	15365	15749	15920	15960	16251	16347	16657	16781	17178	17410	17506	17623	17754
13909	921
13910	9674
13929	16577	18224
13931	12865
13932	6277
13937	14150	14631
13940	17564
13946	1582	10231
13966	1976	7137	12710
13971	1073
13975	921
13985	10420
13990	1094
13992	5132
14000	7393
14002	5663
14015	12865
14017	921
14023	12865
14024	7112
14034	14588
14040	13899	18569
14050	5505
14056	14968
14061	12663	16006
14063	185
14071	16486
14079	17564
14092	10101
14094	6982	8491	9551	11593	18937
14101	10101
14120	185
14121	9468
14127	18630
14130	4402	5144	10252	12865
14132	17933
14150	883	1081	1131	1194	1533	1581	2433	2673	3586	3678	3866	5119	5317	5500	6973	7118	7605	7694	8062	8181	8982	9915	10210	10256	11407	11819	12406	12783	12784	13388	13937	14179	14581	14604	14631	14773	15509	15810	16236	16689	17393	18307	18425	18554
14151	921
14162	12865
14175	18630
14179	14150	14631
14186	15727
14191	14192
14192	14191
14196	12293
14209	17344
14213	2511	6924
14223	12865
14240	6885
14242	12649
14245	11941
14248	18810
14253	185
14255	1073
14256	7958	12786
14269	7656
14271	7958	12786
14277	185
14283	9674	15220
14294	1063
14300	4808
14305	9674
14307	185
14312	18630
14318	9674
14323	1128	18427
14332	17020
14333	10724
14357	185
14364	13899
14366	6342
14379	921
14391	12839	16899
14404	6132
14406	7656
14418	1073	1094
14422	5374
14431	11190
14447	12865
14448	12865
14453	15121
14455	4386
14459	185	238
14462	1063	9674
14466	1073	17344
14468	6132
14470	9907	11080
14471	9907
14478	1063	12649
14479	1887	3584
14481	9015
14519	9907
14534	7633
14540	1869
14541	7656
14549	5505
14567	12693	18297
14573	1094	9321	11060	12649
14574	12649	12865
14581	4988	14150	14631
14588	9204	14034
14593	9204
14596	1073
14600	921	11567	12649	15014
14603	10101
14604	14150	14631
14608	3427
14616	12865
14631	883	1081	1131	1194	1533	1581	2433	2673	3586	3678	3866	5119	5317	5500	6973	7118	7605	7694	8062	8181	8982	9915	10210	10256	11407	11819	12406	12783	12784	13388	13937	14150	14179	14581	14604	14773	15509	15810	16236	16689	17393	18307	18425	18554
14648	1030
14649	5505
14657	10101
14665	7958	12786
14674	13751
14680	9907	12865	18630
14693	1073
14696	4386
14697	12649
14708	14992
14723	7656
14735	1073
14740	15778
14744	3085	5884	7942	8962	11559	14888
14751	2415
14757	5701	5802	13799
14768	12865
14773	14150	14631
14774	12649
14789	17598
14808	1841	15095
14816	7958	12786
14831	8439
14847	4563
14848	9907	12865
14888	14744
14889	18630
14892	53	5077	9492
14898	17564
14903	185
14910	8377	12006
14928	7338
14931	2892	5263	6293	12165
14932	9674
14941	185
14966	8894	17963
14968	14056
14969	921
14978	11468
14979	3344
14992	1631	3441	6197	6524	7027	8117	10548	11059	11242	14708	15609
15004	10273
15007	3427
15008	1185	3753	8955	12656	16614
15009	10252
15014	921	14600
15016	15727
15019	11965
15024	7656
15028	3747
15034	2128
15036	488
15042	5505
15055	6785
15057	185
15070	10724
15087	2417	11215
15090	9907
15092	10252
15093	9321
15095	14808
15112	921
15121	14453	15702	15717	18343
15128	13485
15135	9907
15136	13259
15143	17020
15149	1979
15177	6044	15262	15263
15196	12649
15198	12649
15204	12865
15220	1955	3227	5042	5622	10827	10835	12379	12812	13040	13317	14283
15223	921
15238	17020
15246	1073	12837
15255	772	3551	4548	6881	7803	8889	11057	12281	16939
15259	9674
15260	15552
15262	15177	15263
15263	6044	15177	15262
15268	12649
15286	16278
15297	8377	12006	18361
15312	1565
15314	2891	5206	10093	15924	17787
15330	9907
15337	8664
15338	1073
15346	921
15356	6132	6646
15358	18630
15362	15715
15365	13899
15366	5507
15371	18630
15373	12467
15378	4313
15396	6924
15397	185
15399	1088
15409	185
15429	12649
15443	12649
15450	9907
15455	921
15459	5396	9264	11086
15461	185
15465	18738
15471	8912
15479	12865
15509	14150	14631
15524	8616	12865
15525	16592
15541	720	4711	7532	13769	15619
15544	7734	10746	11066	12342
15545	13253
15547	13715
15552	15260
15553	9907
15554	3896	12865
15555	3747	4013
15557	3203
15575	17167
15580	1073
15588	18810
15590	18493
15594	17744
15595	5372
15599	4402
15602	110	6410	16982
15609	14992
15613	12711
15616	5925	15619
15619	15541	15616
15630	10101
15637	12865
15640	5217	12649
15641	4808
15650	9395
15657	3623
15665	5756
15685	18630
15694	1073
15700	2916
15702	15121
15713	2611	3126	4413	11951	17434	18527
15715	15362
15717	15121
15720	185
15721	6479
15723	1883	18034
15724	3427	8826
15727	3810	4242	4831	7822	10260	14186	15016	17602
15734	38	10436
15736	17564
15738	9674
15749	1925	5505	13899
15756	4808
15760	11190
15761	185	11510
15771	185
15778	14740
15809	16095
15810	12865	14150	14631
15812	2211
15813	39	1955	2225	5042	5879	7124	7545	10821	11735	12965	16229	19011
15816	18630
15839	16510
15846	18569
15848	9907	12711
15851	5334
15855	12865
15870	8914
15886	7958	12786
15893	12865
15897	17020
15908	4386
15920	13899
15924	15314
15929	8709	17258
15930	6254
15932	12865
15933	18300
15938	10252
15953	5505	12837
15954	4771
15960	13899
15970	12865
15971	3642
16002	8029
16006	5334	14061
16034	11190
16053	11365
16074	10101
16085	18108
16095	10194	11828	15809
16098	13751
16118	1942	2175
16126	6258
16139	12649
16145	11124
16150	7052
16153	12865
16155	6327
16161	11124
16195	9107
16206	12865
16209	5372	5730	18630
16215	5505
16223	921
16225	921	3203
16227	10106
16228	921
16229	15813
16232	1362	3786	7378	12129	17978
16236	14150	14631
16240	17744
16246	836
16251	7052	12865	13899
16254	16507
16260	185
16261	6327	8168
16275	11190
16278	1716	15286
16291	7112
16296	12381
16311	3773
16329	166	11163	11752
16347	185	13899
16348	528
16349	4305
16369	12865
16374	185
16375	9674
16398	6936	7052	17286
16416	9907
16442	7112
16449	5253
16459	17578
16462	12649
16464	1073
16471	185
16474	12865
16486	1882	10332	14071	18979
16502	10485
16505	16592
16507	16254
16510	284	5839	15839
16511	1128
16523	7081
16525	5730
16531	9116
16539	9907	11080
16558	1782
16571	7656	12865
16576	12865
16577	3941	4655	13929	18224
16589	10252
16592	4769	7181	10195	15525	16505	17539
16606	18336	18338
16614	3167	15008
16617	8709	10530	17258
16618	1482	10538
16633	7112
16635	7958	12786
16653	7585
16657	5372	10724	12865	13899
16658	18630
16660	7052
16677	7112	12865
16684	185
16689	14150	14631
16714	1073
16717	5829	10548
16727	921	9612
16734	7656
16748	921
16762	1063
16772	13475
16773	6204
16781	5505	13899
16784	11190
16800	4563
16801	10101
16813	185
16815	11080
16825	1284
16855	12761
16857	12793
16858	18528
16868	3427
16873	7830	9612
16899	12839	14391
16911	10101
16923	16928
16928	16923
16939	772	6881	15255
16948	9907
16957	5113
16975	11190
16978	10101
16982	8029	10118	15602
16983	4254
16988	6435
16995	7656
16996	980
17010	185
17012	13292
17020	596	2548	3839	3920	4057	6418	7129	8942	11211	14332	15143	15238	15897	18504	19043
17028	17457
17032	10101
17033	185	3203
17045	7163
17048	10723
17061	12687
17066	1073
17070	5258	18339
17081	12865
17083	185
17097	9204
17109	12649
17111	12865
17122	185
17136	6223
17138	12865
17148	7656
17153	12431
17161	12865
17163	7958	12786
17165	9674
17167	150	1571	5005	6789	7015	11308	11811	15575	18107
17173	6132
17178	13899
17188	9395
17197	185
17202	6049
17204	13358
17215	185
17218	4305
17222	185
17225	13358
17236	8377	12006
17239	13202
17243	10002
17244	4386
17256	921
17258	8709	10530	10723	15929	16617
17262	12865
17269	185	7052	12865
17285	10492
17286	2096	3988	6232	6843	8239	9288	10450	16398	17804	18772
17291	9674
17299	1073
17313	11035
17314	4563
17320	3094
17344	1501	2716	3882	4005	8373	10438	12878	14209	14466	17714
17346	12678
17347	12865
17353	7830	9612
17359	921	12649
17370	185
17373	13281
17393	14150	14631
17396	11832
17399	11468
17410	13899	18630
17417	1073
17420	3427
17425	7656
17434	15713
17457	613	17028
17461	3326
17463	4305
17485	2528
17490	7435	7958	12786
17502	185
17505	11468
17506	13899
17507	528
17513	3747	4013
17530	7958	12786
17539	16592
17543	4024
17544	4024
17547	10101
17561	13253
17564	3513	4469	9175	9448	13940	14079	14898	15736
17577	18630
17578	161	6789	16459
17583	1869
17587	6139	13400
17594	11190
17598	10081	14789	17599
17599	10081	17598
17602	4831	15727
17613	11078
17616	185
17623	13899
17644	4079	11136	12182
17653	6291
17655	13711
17670	10101
17676	7830	9612
17687	11468
17698	11563
17709	8377	12006
17714	1073	17344
17727	185
17741	9395
17744	2755	4631	7035	13578	13868	15594	16240
17748	7052
17750	1976	7137	12710	18977
17751	4402
17754	13899
17776	10101	18630
17780	7983
17787	15314
17791	10313
17793	185
17797	11468
17804	17286
17812	6167
17828	12865
17829	6223	12865
17839	1088	4563
17857	5607
17866	3747	13891
17873	185
17875	185	12649	12865
17932	12865
17933	1484	3535	8064	14132
17939	493
17941	12687
17949	13256
17955	18630
17963	14966
17964	2601	5508
17967	10101	12649
17974	2865	10252
17975	2546
17978	16232
17983	12865
17987	7601
18000	5929
18030	3773
18034	1883	15723
18076	11563
18106	9395
18107	185	17167
18108	16085
18113	12865
18116	11832
18121	185
18128	12921
18133	9934
18139	7052
18150	18361
18158	7958	12786	13598
18160	11481
18162	11190
18163	4232	9739	18222
18169	921
18173	7958	12786
18174	5219
18177	1159	12642
18192	185
18193	3547
18198	9907
18200	2502
18203	7112
18209	4402	10252
18222	9739	18163
18224	13929	16577
18229	921
18233	18630
18236	8577
18243	11080
18268	18630
18270	185	12649
18279	12182
18285	9674
18288	264	5005	5798
18292	528
18297	2326	3233	4882	7315	8081	11760	13573	14567
18300	15933
18307	14150	14631
18333	9079
18336	16606
18338	16606
18339	17070
18342	10946	12689
18343	15121
18346	528
18349	12865
18357	5997
18360	12865
18361	248	445	448	1907	2407	3388	5275	5340	5788	6367	8406	10666	12452	12591	12598	12810	13709	15297	18150
18367	528
18370	11510
18374	6151
18377	12865
18378	4402	10252
18380	8439
18383	12865
18384	3010
18389	3663	4254
18395	9841
18406	7112
18425	921	14150	14631
18427	14323
18428	12921
18436	6243
18447	10101
18458	9907
18471	9907
18478	9674
18493	15590
18495	19
18504	8377	12006	17020
18527	15713
18528	16858
18547	11190
18551	18630
18554	14150	14631
18558	9321
18569	463	5750	6864	10562	12146	14040	15846
18576	7052
18579	6327
18581	1976	7137	12710
18582	18810
18588	18589
18589	11190	18588
18591	3427
18594	7754	11160
18612	7112
18614	185
18622	4182	13355
18629	10252
18630	298	551	587	707	1524	2174	3718	4438	4581	4785	4788	5013	5566	5942	6058	6377	7302	7316	7707	7896	8039	8144	8269	8699	9093	9472	9620	10115	10142	10784	10882	11723	11744	11768	12137	12742	12784	14127	14175	14312	14680	14889	15358	15371	15685	15816	16209	16658	17410	17577	17776	17955	18233	18268	18551	18785
18636	11190
18639	5762
18648	2861
18649	18810
18677	5009
18678	4402	10252
18680	4198
18707	13475
18708	12865
18724	185	18931
18738	15465
18740	9674
18741	921	12855
18772	17286
18781	10081
18785	18630
18788	10101
18810	6107	8432	8794	10559	13793	14248	15588	18582	18649
18822	9395	13485
18827	10101
18839	2999
18844	2219	2567	12460	13005
18851	3001
18870	8439
18886	4808
18888	8439
18896	914	3373	4110	6477	7055	7482	7710	7905	9209	11260	12540	18959
18908	13507
18918	1073
18919	12649
18931	18724
18937	14094
18938	12649
18940	2861
18951	2502
18957	185
18959	18896
18967	7500
18972	5468	9092
18977	17750
18979	16486
18983	13715
18990	3773
18995	12865
19004	3834	4235	7273
19010	1073
19011	185	12865	15813
19022	3747
19023	6174
19025	9321
19043	3623	17020
